"car.all"<-
structure(.Data = list(Length = c(177, 191, 193, 176, 175, 186, 189, 197, 197, 
	192, 198, 221, 206, 191, 191, 177, 187, 192, 212, 179, 183, 177, 198, 
	194, 203, 183, 185, 176, 159, 179, 192, 191, 163, 172, 181, 193, 170, 
	175, 169, 141, 211, 180, 177, 188, 177, 199, 150, 171, 163, 185, 169, 
	149, 178, 168, 184, 200, 197, 205, 203, 220, 164, 179, 194, 176, 155, 
	177, 172, 170, 175, 187, 162, 184, 161, 186, 175, 178, 170, 172, 188, 
	167, 172, 180, 178, 175, 181, 171, 199, 180, 172, 169, 184, 188, 189, 
	146, 178, 175, 178, 182, 174, 170, 190, 182, 167, 159, 163, 158, 158, 
	172, 180, 190, 188), Wheel.base = c(102, 109, 106, 100, 101, 109, 105, 
	111, 111, 108, 108, 122, 114, 108, 108, 111, 103, 101, 116, 101, 103, 
	96, 108, 110, 109, 103, 100, 112, 94, 97, 104, 119, 99, 97, 103, 106, 
	97, 119, 94, 90, 114, 101, 99, 106, 100, 113, 93, 96, 97, 107, 98, 91, 
	101, 94, 104, 113, 111, 109, 109, 117, 97, 101, 107, 110, 89, 99, 98, 
	96, 105, 110, 95, 102, 94, 102, 88, 97, 97, 103, 104, 96, 96, 100, 93, 
	105, 108, 97, 111, 103, 99, 95, 99, 105, 109, 90, 102, 97, 97, 102, 99, 
	96, 106, 102, 94, 97, 93, 97, 97, 97, 97, 104, 109), Width = c(67, 69, 
	71, 67, 65, 69, 69, 72, 72, 71, 73, 77, 73, 72, 72, 77, 68, 73, 75, 66, 
	68, 71, 71, 74, 69, 68, 69, 72, 66, 69, 69, 72, 67, 67, 67, 70, 66, 72, 
	66, 63, 78, 68, 68, 71, 68, 73, 63, 65, 67, 68, 67, 66, 67, 63, 69, 72, 
	72, 73, 71, 78, 66, 67, 68, 72, 66, 67, 66, 67, 67, 69, 65, 67, 63, 67, 
	67, 67, 71, 67, 69, 66, 65, 67, 67, 68, 68, 67, 72, 67, 66, 68, 67, 69, 
	68, 60, 67, 65, 67, 67, 69, 65, 67, 69, 64, 66, 63, 66, 66, 66, 73, 67, 
	69), Height = c(47.5, 50, 51.5, 50.5, 49.5, 51, 49.5, 50.5, 51, 50.5, 
	48.5, 52.5, 51, 49, 49, 68.5, 49, 46.5, 52.5, 50, 51, 43.5, 51, 60, 51, 
	51, 49, 60.5, 50, 47, 51, 61, 51, 51, 51, 51, 49.5, 66.5, 51.5, 52, 52, 
	49, 47, 50.5, 49.5, 49, 48.5, 49.5, 46.5, 49.5, 48, 45, 47, 50, 50.5, 
	50.5, 50.5, 50.5, 49, 53, 49.5, 49.5, 51, 61.5, 43.5, 48.5, 49, 45.5, 
	50.5, 52, 49, 50.5, 50, 49.5, 65.5, 46.5, 45, 58, 49.5, 46, 49, 49.5, 
	65.5, 51, 52, 47, 50.5, 48.5, 50, 46, 50.5, 52, 50, 50.5, 49, 49, 46, 
	50.5, 47, 49.5, 50.5, 46.5, 49.5, 47, 49.5, 50.5, 51, 51, 70.5, 52.5, 
	50.5), Front.Hd. = c(3.5, 2, 2.5, 4, 2, 3, 4, 6, 5, 5.5, 3.5, 5, 6, 3, 
	3, 5, 3.5, 3.5, 5, 4, 4, 2, 4.5, 4.5, 4, 4, 3.5, 4.5, 3, 3, 4, 4, 3, 4, 
	3.5, 3.5, 4.5, 5, 3.5, 4, 3.5, 3.5, 3, 4, 3.5, 3.5, 2.5, 3.5, 3, 4.5, 
	3.5, 1.5, 1.5, 2.5, 3.5, 2.5, 3, 4, 3, 4.5, 4, 3.5, 3, 5, 3.5, 2, 4, 
	1.5, 2, 3, 3.5, 4, 4, 1.5, 4, 3, 3, 4, 2, 4, 3, 3.5, 3.5, 4, 2.5, 3.5, 
	4, 3.5, 5, 3.5, 3.5, 2.5, 2, 2.5, 2, 2.5, 2, 3, 2, 4, 2, 2.5, 3, 2, 3, 
	3.5, 3, 3.5, 5, 3.5, 2.5), Rear.Hd = c(1.5, 2, 3, 1, 1, 2.5, 2.5, 4.5, 
	3.5, 3.5, 2, 3.5, 4, 2, 2, 4.5, 0.5, 0.5, 2.5, 3, 3, -2, 3.5, 4, 1.5, 
	2.5, 0.5, 4.5, 2, 0, 1.5, 4, 0.5, 2.5, 3, 2, 2, 3.5, 1, 3, 2, 0.5, 0, 2,
	1.5, 0.5, 1.5, 1, 0, 2, 2.5, -2, 0, 1.5, 2.5, 1.5, 2, 3, 0.5, 3, 2.5, 2,
	2.5, 5.5, -2, 2, 2.5, -2, 0.5, 1.5, 2, 2.5, 3, 1.5, 4.5, 0, -2, 4.5, 
	1.5, 0, 2, 2, 5, 1.5, 1, 0, 4, 1, 2.5, 0, 2, 2.5, 1.5, 0.5, 2, 2, 0, 2, 
	0, 2, 1.5, 0, 1.5, 0, 2, 2, 2, 2.5, 9, 2, 3), Frt.Leg.Room = c(41.5, 
	41.5, 41.5, 42, 42, 42, 42, 42, 41, 41, 41.5, 43, 42, 42, 42, 42, 42, 
	41.5, 41, 41, 41.5, 42, 42, 41, 42, 41, 41.5, 41.5, 40.5, 41, 41, 40.5, 
	41, 41.5, 41, 42, 41, 42, 41, 40.5, 41.5, 41, 41.5, 42, 41, 41.5, 41, 
	40.5, 41.5, 42, 41, 42.5, 42.5, 41, 41, 41.5, 43, 41, 42, 41, 41.5, 
	40.5, 41.5, 41, 40.5, 41.5, 40.5, 42, 44, 42.5, 40.5, 41, 40, 40, 40.5, 
	41, 42, 40.5, 41.5, 41, 40, 40.5, 41, 41, 42, 41.5, 42, 41.5, 41.5, 
	43.5, 41.5, 42, 42, 40.5, 41, 41, 42, 42, 42, 40.5, 41, 42.5, 40.5, 42, 
	42, 41.5, 41, 41, 39, 41.5, 42), Rear.Seating = c(26.5, 28.5, 31, 28, 
	25.5, 27, 28, 30.5, 28.5, 27.5, 26.5, 32, 30, 28, 29, 28, 27.5, 24, 28, 
	26.5, 26.5, -2, 30, 32.5, 31.5, 30.5, 26, 27, 24.5, 22.5, 31, 31, 26, 
	25, 30.5, 30, 27.5, 30, 26.5, 26, 29, 24, 23.5, 29, 27.5, 28, 27.5, 
	25.5, 24.5, 27, 27.5, -2, 23.5, 26, 31, 29.5, 29, 29.5, 28.5, 31.5, 27, 
	27, 29, 27.5, -2, 26, 26.5, -2, 26, 27, 27, 29.5, 26.5, 28, -1, 21.5, 
	-2, 28.5, 29, 21, 24.5, 26.5, -1, 29, 29.5, 23, 29.5, 26.5, 25.5, 18, 
	27.5, 31, 29.5, 23.5, 27.5, 27.5, 22.5, 28.5, 23, 26, 27.5, 23, 25, 26, 
	26, 27, 27, 28, 37, 29.5, 29.5), Frt.Shld = c(53, 55.5, 56.5, 52.5, 52, 
	54.5, 56.5, 58.5, 59, 58, 58, 60.5, 59.5, 58, 57.5, 61.5, 55.5, 58, 61, 
	53.5, 54.5, 54, 58.5, 60.5, 56, 54, 56, 58.5, 54, 56, 56, 58, 51.5, 
	54.5, 54, 57.5, 53.5, 60, 51.5, 52, 61.5, 55.5, 54.5, 57.5, 53, 59, 
	50.5, 53, 51, 54.5, 53.5, 53, 52.5, 52, 57, 57.5, 57, 57.5, 56, 62, 52, 
	55, 55.5, 57.5, 50.5, 55, 54, 53, 53.5, 56, 52, 55, 52, 53.5, 56.5, 
	53.5, 56.5, 55.5, 56.5, 52, 52.5, 55, 57, 55.5, 55.5, 54, 59, 55, 53.5, 
	55.5, 53, 57, 55, 51, 54, 53.5, 53, 54.5, 51.5, 53, 55, 52.5, 53, 53.5, 
	51.5, 53, 53, 53, 61.5, 54, 56.5), RearShld = c(52, 55.5, 55, 52, 51.5, 
	55.5, 56, 58.5, 58.5, 56.5, 56.5, 60, 58.5, 57, 56.5, 50.5, 55, 55.5, 
	61, 53.5, 55, -2, 56.5, 62, 55.5, 53.5, 55, 41.5, 52.5, 54, 55.5, 60.5, 
	51, 53.5, 54.5, 56.5, 52.5, 62.5, 51.5, 51, 61.5, 54.5, 52, 57.5, 54, 
	59.5, 50, 52.5, 47.5, 54, 53, -2, 50.5, 51.5, 56.5, 57, 56, 57.5, 57.5, 
	62, 52, 55, 55.5, 43, -2, 52.5, 54, -2, 53, 56, 52, 55, 52.5, 53, 59, 
	50.5, -2, 56.5, 55.5, 49.5, 52.5, 54, 58.5, 55, 54.5, 52, 59, 54, 53, 
	51.5, 53, 57, 54, 50.5, 53.5, 53.5, 51, 53.5, 48, 52.5, 54.5, 50.5, 
	52.5, 51, 51, 54, 53, 53.5, 39.5, 53, 56.5), Luggage = c(16, 14, 17, 10,
	12, 12, 16, 16, 16, 15, 14, 19, 16, 14, 14, -2, 14, 12, 20, 14, 14, -2, 
	15, -2, 17, 14, 14, -2, 12, 17, 16, -2, 15, 13, 14, 17, 10, -2, 18, 12, 
	22, 12, 12, 17, 13, 15, 10, 11, 11, 14, 12, -2, 11, 11, 14, 15, 14, 19, 
	14, 22, 13, 15, 15, -2, -2, 15, 13, -2, 12, 15, 15, 11, 11, 12, -2, 14, 
	-2
	, -3, 14, 7, 12, 14, -2, 14, 11, 10, 15, 13, 18, 12, 14, 18, 12, 9, 14, 
	15, 10, 12, 13, 11, 12, 11, 13, 19, 10, 18, 18, 17, -2, 14, 17), Weight
	 = c(2700, 3265, 2935, 2670, 2895, 3640, 2880, 3350, 3325, 3320, 3465, 
	4285, 3545, 3480, NA, 4025, 2655, 3110, 3855, 2485, NA, 3280, 3195, 
	3630, 3570, 2975, 2975, 3385, 2270, 2935, 3080, 3735, 2300, 2670, 2940, 
	3145, 2560, 3665, 2345, 1845, 3850, 2850, 2695, 3015, 2750, 3610, 1695, 
	2255, 2455, 2920, 2260, 2170, 2710, 2345, 2885, 4000, 3930, 3695, 3780, 
	4040, NA, 2780, 3480, 3735, 2210, 2690, 2440, 2790, 3020, 3315, 2285, 
	2745, 2185, 3110, 3415, 2775, 3350, 3185, 3200, 2390, 2275, 2920, 3690, 
	2575, 3000, 2840, 3360, 2770, 2350, 2900, 2775, 3065, 3295, 1900, 2935, 
	2295, 2485, 2920, 2885, 2390, 3480, 3470, 2075, 2680, 2190, 2270, 2215, 
	2330, 3460, 2985, 3140), Tires = structure(.Data = c(16, 20, 20, 8, 17, 
	28, 13, 23, 23, 22, 22, 29, 22, 22, NA, 23, 18, 25, 23, 14, NA, 30, 19, 
	22, 19, 18, 18, 19, 5, 20, 19, 22, 7, 12, 18, 20, 16, 26, 8, 1, 26, 19, 
	12, 22, 12, 22, 2, 8, 10, 12, 8, 10, 16, 5, 12, 25, 21, 22, 26, 26, NA, 
	12, 17, 22, 10, 12, 8, 20, 11, 17, 8, 12, 5, 17, 23, 16, 27, 18, 21, 12,
	8, 17, 19, 11, 11, 12, 25, 18, 8, 17, 11, 17, 16, 6, 8, 8, 12, 12, 24, 
	4, 17, 27, 3, 15, 8, 10, 8, 8, 9, 12, 11), .Label = c("145", "145/80", 
	"155", "155/65", "155/80", "165/65", "165/80", "175/70", "185", 
	"185/60", "185/65", "185/70", "185/75", "185/80", "195/50", "195/60", 
	"195/65", "195/70", "195/75", "205/60", "205/65", "205/70", "205/75", 
	"215/50", "215/65", "215/70", "225/50", "225/60", "225/75", "275/40"), 
	class = "factor"), Steering = structure(.Data = c(1, 1, 1, 1, 1, 1, 1, 
	1, 1, 1, 1, 1, 1, 1, NA, 1, 1, 1, 1, 16, NA, 1, 1, 1, 1, 1, 1, 1, 14, 1,
	1, 1, 20, 1, 1, 1, 14, 1, 10, 4, 1, 1, 1, 1, 1, 1, 3, 17, 1, 1, 12, 6, 
	1, 15, 1, 1, 1, 1, 1, 1, NA, 1, 1, 1, 2, 1, 5, 9, 1, 1, 6, 1, 15, 1, 13,
	1, 1, 1, 1, 1, 12, 1, 1, 1, 1, 18, 1, 1, 19, 1, 1, 1, 1, 11, 1, 1, 1, 1,
	1, 20, 1, 1, 8, 1, 7, 1, 12, 12, 1, 1, 1),