cfibrosis <-
structure(list(siblings = c(10, 9, 8, 7, 7, 7, 7, 6, 6, 5, 5, 
5, 5, 4, 4, 4, 4, 3, 3, 3, 2, 2, 2, 1), affected = c(3, 3, 4, 
3, 3, 2, 1, 2, 1, 3, 3, 2, 1, 3, 3, 2, 1, 2, 2, 1, 2, 2, 1, 1
), ascertained = c(1, 1, 1, 2, 1, 1, 1, 1, 1, 3, 2, 1, 1, 2, 
1, 1, 1, 2, 1, 1, 2, 1, 1, 1), families = c(1, 1, 1, 1, 1, 1, 
1, 1, 1, 1, 1, 5, 2, 1, 2, 4, 6, 3, 3, 10, 2, 4, 18, 9)), .Names = c("siblings", 
"affected", "ascertained", "families"), row.names = c(NA, -24L
), class = "data.frame")
