crashf <-
structure(list(Monday = c(1L, 0L, 1L, 1L, 1L, 0L, 1L, 1L, 2L, 
1L, 1L, 2L, 2L, 5L, 2L, 0L, 3L, 3L, 1L, 1L, 2L, 2L, 2L, 0L), 
    Tuesday = c(0L, 0L, 0L, 1L, 1L, 1L, 1L, 2L, 2L, 0L, 4L, 2L, 
    2L, 1L, 1L, 3L, 5L, 2L, 1L, 1L, 2L, 4L, 0L, 1L), Wednesday = c(0L, 
    0L, 2L, 1L, 0L, 1L, 2L, 1L, 1L, 2L, 3L, 2L, 2L, 2L, 1L, 2L, 
    2L, 6L, 2L, 1L, 2L, 2L, 0L, 1L), Thursday = c(1L, 5L, 0L, 
    2L, 2L, 2L, 1L, 1L, 6L, 1L, 2L, 2L, 4L, 5L, 0L, 3L, 5L, 4L, 
    4L, 2L, 4L, 0L, 1L, 0L), Friday = c(2L, 6L, 2L, 2L, 0L, 0L, 
    0L, 0L, 1L, 4L, 0L, 4L, 4L, 1L, 4L, 2L, 6L, 1L, 4L, 6L, 2L, 
    1L, 3L, 1L), Saturday = c(1L, 5L, 2L, 3L, 2L, 0L, 0L, 0L, 
    0L, 0L, 4L, 1L, 3L, 4L, 3L, 3L, 3L, 6L, 4L, 3L, 4L, 1L, 6L, 
    5L), Sunday = c(4L, 1L, 2L, 4L, 2L, 0L, 3L, 0L, 1L, 0L, 2L, 
    2L, 2L, 1L, 2L, 4L, 5L, 5L, 1L, 3L, 3L, 1L, 2L, 0L)), .Names = c("Monday", 
"Tuesday", "Wednesday", "Thursday", "Friday", "Saturday", "Sunday"
), class = "data.frame", row.names = c("0", "1", "2", "3", "4", 
"5", "6", "7", "8", "9", "10", "11", "12", "13", "14", "15", 
"16", "17", "18", "19", "20", "21", "22", "23"))
