crashbc <-
structure(list(Mon = c(0L, 0L, 0L, 0L, 0L, 0L, 1L, 12L, 20L, 
5L, 9L, 3L, 5L, 8L, 6L, 11L, 17L, 10L, 4L, 6L, 1L, 0L, 1L, 1L
), Tue = c(0L, 0L, 0L, 0L, 0L, 3L, 3L, 5L, 28L, 4L, 1L, 8L, 
4L, 9L, 2L, 13L, 16L, 23L, 8L, 3L, 2L, 0L, 1L, 0L), Wed = c(0L, 
0L, 0L, 0L, 0L, 2L, 5L, 17L, 23L, 6L, 6L, 1L, 5L, 6L, 3L, 13L, 
10L, 14L, 11L, 4L, 2L, 1L, 0L, 0L), Thu = c(0L, 0L, 0L, 
0L, 1L, 1L, 4L, 17L, 26L, 3L, 2L, 5L, 9L, 4L, 5L, 16L, 12L, 25L, 
9L, 9L, 1L, 3L, 1L, 2L), Fri = c(0L, 0L, 0L, 0L, 0L, 1L, 5L, 
7L, 16L, 7L, 4L, 2L, 5L, 5L, 4L, 14L, 16L, 12L, 7L, 4L, 4L, 2L, 
0L, 1L), Sat = c(1L, 0L, 0L, 0L, 0L, 0L, 0L, 4L, 10L, 6L, 
10L, 6L, 5L, 7L, 6L, 7L, 10L, 5L, 2L, 2L, 1L, 0L, 0L, 1L), Sun = c(0L, 
0L, 2L, 1L, 0L, 0L, 0L, 1L, 5L, 8L, 7L, 14L, 3L, 3L, 7L, 5L, 
4L, 3L, 7L, 1L, 1L, 0L, 0L, 0L)), .Names = c("Mon", "Tue", 
"Wed", "Thu", "Fri", "Sat", "Sun"), class = "data.frame", row.names = c("0", 
"1", "2", "3", "4", "5", "6", "7", "8", "9", "10", "11", "12", 
"13", "14", "15", "16", "17", "18", "19", "20", "21", "22", "23"
))
