crashmc <-
structure(list(Monday = c(1L, 0L, 0L, 2L, 0L, 1L, 6L, 8L, 12L, 
9L, 12L, 7L, 13L, 5L, 10L, 12L, 10L, 21L, 8L, 3L, 2L, 3L, 0L, 
1L), Tuesday = c(0L, 1L, 0L, 0L, 0L, 0L, 2L, 16L, 21L, 6L, 8L, 
9L, 10L, 4L, 10L, 15L, 13L, 18L, 10L, 6L, 5L, 4L, 0L, 1L), Wednesday = c(0L, 
0L, 1L, 0L, 0L, 1L, 5L, 10L, 16L, 8L, 6L, 5L, 6L, 12L, 10L, 13L, 
21L, 18L, 7L, 11L, 12L, 6L, 1L, 2L), Thursday = c(0L, 1L, 2L, 
0L, 0L, 0L, 4L, 7L, 13L, 6L, 8L, 9L, 7L, 9L, 12L, 18L, 26L, 26L, 
16L, 10L, 5L, 3L, 3L, 1L), Friday = c(5L, 1L, 1L, 0L, 0L, 2L, 
4L, 8L, 18L, 5L, 4L, 8L, 8L, 10L, 14L, 18L, 24L, 24L, 21L, 10L, 
8L, 7L, 5L, 7L), Saturday = c(1L, 3L, 3L, 0L, 0L, 1L, 1L, 1L, 
3L, 7L, 14L, 21L, 24L, 22L, 16L, 24L, 17L, 18L, 13L, 10L, 6L, 
5L, 5L, 7L), Sunday = c(1L, 1L, 1L, 1L, 0L, 2L, 0L, 0L, 3L, 8L, 
7L, 23L, 22L, 16L, 20L, 23L, 21L, 14L, 13L, 6L, 5L, 3L, 3L, 1L
)), .Names = c("Monday", "Tuesday", "Wednesday", "Thursday", 
"Friday", "Saturday", "Sunday"), class = "data.frame", row.names = c("0", 
"1", "2", "3", "4", "5", "6", "7", "8", "9", "10", "11", "12", 
"13", "14", "15", "16", "17", "18", "19", "20", "21", "22", "23"
))
