crashp <-
structure(list(Monday = c(0L, 2L, 0L, 0L, 2L, 1L, 2L, 3L, 8L, 
4L, 3L, 12L, 7L, 7L, 7L, 15L, 9L, 16L, 1L, 3L, 1L, 1L, 0L, 0L
), Tuesday = c(0L, 0L, 0L, 0L, 0L, 0L, 2L, 9L, 11L, 10L, 7L, 
6L, 13L, 5L, 4L, 26L, 11L, 10L, 8L, 3L, 4L, 0L, 2L, 1L), Wednesday = c(1L, 
1L, 0L, 0L, 0L, 0L, 5L, 2L, 22L, 4L, 6L, 7L, 9L, 4L, 6L, 27L, 
16L, 11L, 8L, 6L, 6L, 2L, 1L, 1L), Thursday = c(0L, 0L, 1L, 2L, 
0L, 0L, 0L, 5L, 14L, 6L, 5L, 6L, 11L, 10L, 5L, 22L, 11L, 10L, 
7L, 3L, 7L, 2L, 7L, 6L), Friday = c(0L, 1L, 1L, 1L, 1L, 0L, 1L, 
5L, 14L, 6L, 6L, 5L, 7L, 5L, 6L, 19L, 15L, 16L, 19L, 2L, 7L, 
8L, 5L, 3L), Saturday = c(3L, 4L, 2L, 1L, 0L, 0L, 0L, 5L, 3L, 
3L, 9L, 6L, 10L, 5L, 8L, 14L, 11L, 5L, 11L, 5L, 6L, 7L, 5L, 6L
), Sunday = c(8L, 7L, 3L, 3L, 1L, 1L, 3L, 1L, 1L, 2L, 4L, 3L, 
4L, 2L, 3L, 6L, 3L, 3L, 7L, 4L, 4L, 1L, 0L, 1L)), .Names = c("Monday", 
"Tuesday", "Wednesday", "Thursday", "Friday", "Saturday", "Sunday"
), class = "data.frame", row.names = c("0", "1", "2", "3", "4", 
"5", "6", "7", "8", "9", "10", "11", "12", "13", "14", "15", 
"16", "17", "18", "19", "20", "21", "22", "23"))
