crashtr <-
structure(list(Monday = c(0L, 1L, 0L, 0L, 3L, 3L, 6L, 8L, 10L, 
10L, 10L, 11L, 4L, 4L, 4L, 5L, 11L, 6L, 3L, 1L, 1L, 1L, 0L, 2L
), Tuesday = c(1L, 1L, 3L, 0L, 0L, 1L, 3L, 12L, 11L, 9L, 8L, 
6L, 7L, 9L, 7L, 13L, 5L, 5L, 0L, 1L, 1L, 1L, 0L, 2L), Wednesday = c(1L, 
1L, 2L, 2L, 3L, 0L, 2L, 13L, 5L, 7L, 10L, 10L, 7L, 6L, 11L, 7L, 
10L, 9L, 4L, 2L, 1L, 3L, 1L, 0L), Thursday = c(1L, 0L, 1L, 1L, 
4L, 5L, 8L, 7L, 2L, 8L, 8L, 11L, 8L, 10L, 9L, 5L, 7L, 5L, 3L, 
0L, 4L, 3L, 2L, 2L), Friday = c(0L, 2L, 1L, 1L, 2L, 4L, 5L, 8L, 
7L, 10L, 7L, 10L, 7L, 3L, 9L, 11L, 17L, 7L, 10L, 3L, 1L, 2L, 
4L, 3L), Saturday = c(2L, 0L, 3L, 0L, 3L, 1L, 1L, 2L, 3L, 1L, 
6L, 4L, 2L, 7L, 2L, 3L, 1L, 1L, 1L, 1L, 1L, 0L, 1L, 0L), Sunday = c(1L, 
2L, 2L, 3L, 0L, 0L, 2L, 2L, 2L, 3L, 1L, 5L, 3L, 1L, 4L, 1L, 3L, 
4L, 0L, 1L, 2L, 0L, 0L, 0L)), .Names = c("Monday", "Tuesday", 
"Wednesday", "Thursday", "Friday", "Saturday", "Sunday"), class = "data.frame", row.names = c("0", 
"1", "2", "3", "4", "5", "6", "7", "8", "9", "10", "11", "12", 
"13", "14", "15", "16", "17", "18", "19", "20", "21", "22", "23"
))
