deermice <-
structure(list(y1 = c(1L, 1L, 1L, 1L, 1L, 1L, 1L, 1L, 1L, 1L, 
1L, 1L, 1L, 1L, 1L, 0L, 0L, 0L, 0L, 0L, 0L, 0L, 0L, 0L, 0L, 0L, 
0L, 0L, 0L, 0L, 0L, 0L, 0L, 0L, 0L, 0L, 0L, 0L), y2 = c(1L, 0L, 
1L, 1L, 1L, 1L, 1L, 1L, 1L, 1L, 1L, 1L, 1L, 0L, 0L, 1L, 1L, 1L, 
1L, 1L, 1L, 1L, 1L, 0L, 0L, 0L, 0L, 0L, 0L, 0L, 0L, 0L, 0L, 0L, 
0L, 0L, 0L, 0L), y3 = c(1L, 0L, 0L, 0L, 1L, 0L, 1L, 1L, 1L, 0L, 
0L, 1L, 1L, 1L, 0L, 0L, 1L, 0L, 0L, 1L, 0L, 0L, 0L, 1L, 1L, 1L, 
1L, 1L, 1L, 0L, 0L, 0L, 0L, 0L, 0L, 0L, 0L, 0L), y4 = c(1L, 1L, 
0L, 1L, 1L, 1L, 1L, 0L, 1L, 1L, 1L, 0L, 1L, 1L, 1L, 0L, 0L, 0L, 
1L, 0L, 1L, 0L, 0L, 0L, 1L, 0L, 1L, 0L, 0L, 1L, 1L, 1L, 0L, 0L, 
0L, 0L, 0L, 0L), y5 = c(1L, 1L, 1L, 1L, 1L, 1L, 1L, 0L, 1L, 1L, 
1L, 1L, 1L, 1L, 0L, 1L, 0L, 0L, 0L, 1L, 0L, 0L, 1L, 0L, 1L, 1L, 
1L, 1L, 0L, 0L, 1L, 1L, 1L, 1L, 1L, 0L, 0L, 0L), y6 = c(1L, 1L, 
1L, 1L, 1L, 1L, 0L, 1L, 1L, 1L, 1L, 1L, 1L, 0L, 0L, 0L, 1L, 1L, 
1L, 0L, 1L, 1L, 1L, 0L, 1L, 1L, 1L, 0L, 0L, 0L, 1L, 0L, 0L, 0L, 
0L, 1L, 1L, 1L), sex = c(0L, 1L, 0L, 0L, 0L, 0L, 0L, 0L, 0L, 
0L, 0L, 1L, 0L, 0L, 1L, 1L, 1L, 0L, 0L, 0L, 1L, 1L, 0L, 1L, 1L, 
1L, 1L, 1L, 1L, 1L, 0L, 1L, 0L, 1L, 0L, 0L, 0L, 1L), age = structure(c(2L, 
2L, 2L, 2L, 2L, 1L, 2L, 1L, 2L, 2L, 2L, 1L, 2L, 2L, 2L, 1L, 2L, 
2L, 1L, 2L, 2L, 1L, 2L, 2L, 1L, 2L, 2L, 1L, 1L, 1L, 1L, 2L, 2L, 
2L, 1L, 2L, 1L, 1L), .Label = c("a", "y"), class = "factor"), 
    weight = c(12L, 15L, 15L, 15L, 13L, 21L, 11L, 15L, 14L, 14L, 
    13L, 22L, 14L, 11L, 10L, 23L, 7L, 8L, 19L, 13L, 5L, 20L, 
    12L, 6L, 22L, 10L, 14L, 19L, 19L, 20L, 16L, 11L, 14L, 11L, 
    24L, 9L, 16L, 19L)), .Names = c("y1", "y2", "y3", "y4", "y5", 
"y6", "sex", "age", "weight"), class = "data.frame", row.names = c("1", 
"2", "3", "4", "5", "6", "7", "8", "9", "10", "11", "12", "13", 
"14", "15", "16", "17", "18", "19", "20", "21", "22", "23", "24", 
"25", "26", "27", "28", "29", "30", "31", "32", "33", "34", "35", 
"36", "37", "38"))
