ducklings <-
structure(list(p1 = c(0.178, 0.162, 0.083, 0.087, 0.078, 0.04, 
0.049, 0.1, 0.075, 0.084, 0.06, 0.089, 0.05, 0.073, 0.064, 0.085, 
0.094, 0.014, 0.06, 0.031, 0.025, 0.045, 0.0195), p2 = c(0.346, 
0.307, 0.448, 0.474, 0.503, 0.456, 0.363, 0.317, 0.394, 0.445, 
0.435, 0.418, 0.485, 0.378, 0.562, 0.465, 0.388, 0.449, 0.544, 
0.569, 0.491, 0.613, 0.526), p3 = c(0.476, 0.531, 0.469, 0.439, 
0.419, 0.504, 0.588, 0.583, 0.531, 0.471, 0.505, 0.493, 0.465, 
0.549, 0.374, 0.45, 0.518, 0.537, 0.396, 0.4, 0.484, 0.342, 0.4545
)), .Names = c("p1", "p2", "p3"), row.names = c(NA, -23L), class = "data.frame")
