flourbeetle <-
structure(list(logdose = c(1.69072754387037, 1.72419391951433, 
1.75518858560832, 1.78418920538096, 1.81130684008134, 1.83689351637643, 
1.8609964367572, 1.88388845788848), CS2mgL = c(49.06, 52.99, 
56.91, 60.84, 64.76, 68.69, 72.61, 76.54), exposed = c(59, 60, 
62, 56, 63, 59, 62, 60), killed = c(6, 13, 18, 28, 52, 53, 61, 
60)), .Names = c("logdose", "CS2mgL", "exposed", "killed"), row.names = c(NA, 
-8L), class = "data.frame")
