gala <-
structure(list(Species = c(58, 31, 3, 25, 2, 18, 24, 10, 8, 2, 
97, 93, 58, 5, 40, 347, 51, 2, 104, 108, 12, 70, 280, 237, 444, 
62, 285, 44, 16, 21), Endemics = c(23, 21, 3, 9, 1, 11, 0, 7, 
4, 2, 26, 35, 17, 4, 19, 89, 23, 2, 37, 33, 9, 30, 65, 81, 95, 
28, 73, 16, 8, 12), Area = c(25.09, 1.24, 0.21, 0.1, 0.05, 0.34, 
0.08, 2.33, 0.03, 0.18, 58.27, 634.49, 0.57, 0.78, 17.35, 4669.32, 
129.49, 0.01, 59.56, 17.95, 0.23, 4.89, 551.62, 572.33, 903.82, 
24.08, 170.92, 1.84, 1.24, 2.85), Elevation = c(346, 109, 114, 
46, 77, 119, 93, 168, 71, 112, 198, 1494, 49, 227, 76, 1707, 
343, 25, 777, 458, 94, 367, 716, 906, 864, 259, 640, 147, 186, 
253), Nearest = c(0.6, 0.6, 2.8, 1.9, 1.9, 8, 6, 34.1, 0.4, 2.6, 
1.1, 4.3, 1.1, 4.6, 47.4, 0.7, 29.1, 3.3, 29.1, 10.7, 0.5, 4.4, 
45.2, 0.2, 0.6, 16.5, 2.6, 0.6, 6.8, 34.1), Scruz = c(0.6, 26.3, 
58.7, 47.4, 1.9, 8, 12, 290.2, 0.4, 50.2, 88.3, 95.3, 93.1, 62.2, 
92.2, 28.1, 85.9, 45.9, 119.6, 10.7, 0.6, 24.4, 66.6, 19.8, 0, 
16.5, 49.2, 9.6, 50.9, 254.7), Adjacent = c(1.84, 572.33, 0.78, 
0.18, 903.82, 1.84, 0.34, 2.85, 17.95, 0.1, 0.57, 4669.32, 58.27, 
0.21, 129.49, 634.49, 59.56, 0.1, 129.49, 0.03, 25.09, 572.33, 
0.57, 4.89, 0.52, 0.52, 0.1, 25.09, 17.95, 2.33)), .Names = c("Species", 
"Endemics", "Area", "Elevation", "Nearest", "Scruz", "Adjacent"
), class = "data.frame", row.names = c("Baltra", "Bartolome", 
"Caldwell", "Champion", "Coamano", "Daphne.Major", "Daphne.Minor", 
"Darwin", "Eden", "Enderby", "Espanola", "Fernandina", "Gardner1", 
"Gardner2", "Genovesa", "Isabela", "Marchena", "Onslow", "Pinta", 
"Pinzon", "Las.Plazas", "Rabida", "SanCristobal", "SanSalvador", 
"SantaCruz", "SantaFe", "SantaMaria", "Seymour", "Tortuga", "Wolf"
))
