"hspider" <-
structure(list(WaterCon = c(2.3321, 3.0493, 2.5572, 2.6741, 3.0155, 
3.381, 3.1781, 2.6247, 2.4849, 2.1972, 2.2192, 2.2925, 3.5175, 
3.0865, 3.2696, 3.0301, 3.3322, 3.1224, 2.9232, 3.1091, 2.9755, 
1.2528, 1.1939, 1.6487, 1.8245, 0.9933, 0.9555, 0.9555), BareSand = c(0, 
0, 0, 0, 0, 2.3979, 0, 0, 0, 3.9318, 0, 0, 1.7918, 0, 0, 0, 0, 
0, 0, 0, 0, 3.2581, 3.0445, 3.2581, 3.5835, 4.5109, 2.3979, 3.434
), FallTwig = c(0, 1.7918, 0, 0, 0, 3.434, 0, 4.2627, 0, 0, 0, 
0, 1.7918, 0, 4.3944, 4.6052, 4.4543, 4.3944, 4.5109, 4.5951, 
4.5643, 0, 0, 0, 0, 0, 0, 0), CoveMoss = c(3.0445, 1.0986, 2.3979, 
2.3979, 0, 2.3979, 0.6931, 1.0986, 4.3307, 3.434, 4.1109, 3.8286, 
0.6931, 1.7918, 0.6931, 0.6931, 0.6931, 0, 1.6094, 0.6931, 0.6931, 
4.3307, 4.0254, 4.0254, 1.0986, 1.7918, 3.8286, 3.7136), CoveHerb = c(4.4543, 
4.5643, 4.6052, 4.6151, 4.6151, 3.434, 4.6151, 3.434, 3.2581, 
3.0445, 3.7136, 4.0254, 4.5109, 4.5643, 3.0445, 0.6931, 3.0445, 
3.0445, 1.6094, 0.6931, 1.7918, 0.6931, 3.2581, 3.0445, 4.1109, 
1.7918, 3.434, 3.434), ReflLux = c(3.912, 1.6094, 3.6889, 2.9957, 
2.3026, 0.6931, 2.3026, 0.6931, 3.4012, 3.6889, 3.6889, 3.6889, 
3.4012, 1.0986, 0.6931, 0, 1.0986, 1.0986, 0, 0, 0, 3.912, 4.0943, 
4.0073, 2.3026, 4.382, 3.6889, 3.6889), Alopacce = c(25, 0, 15, 
2, 1, 0, 2, 0, 1, 3, 15, 16, 3, 0, 0, 0, 0, 0, 0, 0, 0, 7, 17, 
11, 9, 3, 29, 15), Alopcune = c(10, 2, 20, 6, 20, 6, 7, 11, 1, 
0, 1, 13, 43, 2, 0, 3, 0, 1, 1, 2, 1, 0, 0, 0, 1, 0, 0, 0), Alopfabr = c(0, 
0, 2, 0, 0, 0, 0, 0, 0, 1, 2, 0, 1, 0, 0, 0, 0, 0, 0, 0, 0, 16, 
15, 20, 9, 6, 11, 14), Arctlute = c(0, 0, 2, 1, 2, 6, 12, 0, 
0, 0, 0, 0, 2, 1, 0, 0, 0, 0, 0, 0, 0, 0, 0, 0, 0, 0, 0, 0), 
    Arctperi = c(0, 0, 0, 0, 0, 0, 0, 0, 0, 0, 0, 0, 0, 0, 0, 
    0, 0, 0, 0, 0, 0, 4, 7, 5, 0, 18, 4, 1), Auloalbi = c(4, 
    30, 9, 24, 9, 6, 16, 7, 0, 0, 1, 0, 18, 4, 0, 0, 0, 0, 0, 
    0, 0, 0, 0, 0, 2, 0, 0, 0), Pardlugu = c(0, 1, 1, 1, 1, 0, 
    1, 55, 0, 0, 0, 0, 1, 3, 6, 6, 2, 5, 12, 13, 16, 0, 2, 0, 
    1, 0, 0, 0), Pardmont = c(60, 1, 29, 7, 2, 11, 30, 2, 26, 
    22, 95, 96, 24, 14, 0, 0, 0, 0, 0, 0, 1, 2, 6, 3, 11, 0, 
    1, 6), Pardnigr = c(12, 15, 18, 29, 135, 27, 89, 2, 1, 0, 
    0, 1, 53, 15, 0, 2, 0, 0, 1, 0, 0, 0, 0, 0, 6, 0, 0, 0), 
    Pardpull = c(45, 37, 45, 94, 76, 24, 105, 1, 1, 0, 1, 8, 
    72, 72, 0, 0, 0, 0, 0, 0, 1, 0, 0, 0, 0, 0, 0, 0), Trocterr = c(57, 
    65, 66, 86, 91, 63, 118, 30, 2, 1, 4, 13, 97, 94, 25, 28, 
    23, 25, 22, 22, 18, 1, 1, 0, 16, 1, 0, 2), Zoraspin = c(4, 
    9, 1, 25, 17, 34, 16, 3, 0, 0, 0, 0, 22, 32, 3, 4, 2, 0, 
    3, 2, 2, 0, 0, 0, 6, 0, 0, 0)), .Names = c("WaterCon", "BareSand", 
"FallTwig", "CoveMoss", "CoveHerb", "ReflLux", "Alopacce", "Alopcune", 
"Alopfabr", "Arctlute", "Arctperi", "Auloalbi", "Pardlugu", "Pardmont", 
"Pardnigr", "Pardpull", "Trocterr", "Zoraspin"), row.names = c("1", 
"2", "3", "4", "5", "6", "7", "8", "9", "10", "11", "12", "13", 
"14", "15", "16", "17", "18", "19", "20", "21", "22", "23", "24", 
"25", "26", "27", "28"), class = "data.frame")
