Huggins89.t1 <-
structure(list(x2 = c(6.3, 4, 4.7, 4.8, 6.6, 3.9, 5.9, 5, 5.6, 
4.6, 5.9, 4.4, 4.6, 4.4, 5.6, 3.6, 3.7, 4.4, 3.6, 4.4), y01 = c(0, 
0, 0, 0, 0, 0, 0, 0, 0, 0, 0, 0, 0, 0, 0, 0, 0, 0, 0, 0), y02 = c(1, 
1, 1, 0, 0, 0, 1, 0, 0, 0, 0, 0, 0, 0, 0, 0, 0, 1, 0, 0), y03 = c(0, 
1, 0, 1, 0, 0, 1, 0, 0, 0, 0, 0, 0, 0, 1, 0, 0, 1, 0, 0), y04 = c(1, 
1, 0, 1, 0, 0, 1, 1, 0, 1, 1, 0, 0, 1, 1, 0, 0, 1, 0, 0), y05 = c(1, 
1, 1, 1, 1, 0, 0, 0, 0, 0, 0, 0, 0, 0, 0, 0, 1, 1, 1, 0), y06 = c(0, 
0, 1, 0, 0, 0, 1, 1, 1, 1, 1, 0, 0, 0, 1, 0, 1, 0, 0, 0), y07 = c(0, 
0, 1, 1, 1, 0, 1, 0, 1, 0, 0, 0, 0, 1, 1, 1, 0, 1, 0, 1), y08 = c(1, 
1, 1, 1, 0, 0, 0, 0, 1, 0, 0, 0, 0, 0, 1, 0, 0, 0, 1, 0), y09 = c(0, 
0, 0, 0, 1, 0, 0, 1, 0, 0, 0, 0, 0, 0, 0, 0, 0, 0, 0, 0), y10 = c(0, 
0, 0, 0, 1, 0, 0, 0, 0, 0, 0, 0, 1, 0, 0, 0, 0, 0, 0, 0), z01 = c(5.8, 
5.8, 5.8, 5.8, 5.8, 5.8, 5.8, 5.8, 5.8, 5.8, 5.8, 5.8, 5.8, 5.8, 
5.8, 5.8, 5.8, 5.8, 5.8, 5.8), z02 = c(2.9, 2.9, 2.9, 2.9, 2.9, 
2.9, 2.9, 2.9, 2.9, 2.9, 2.9, 2.9, 2.9, 2.9, 2.9, 2.9, 2.9, 2.9, 
2.9, 2.9), z03 = c(3.7, 3.7, 3.7, 3.7, 3.7, 3.7, 3.7, 3.7, 3.7, 
3.7, 3.7, 3.7, 3.7, 3.7, 3.7, 3.7, 3.7, 3.7, 3.7, 3.7), z04 = c(2.2, 
2.2, 2.2, 2.2, 2.2, 2.2, 2.2, 2.2, 2.2, 2.2, 2.2, 2.2, 2.2, 2.2, 
2.2, 2.2, 2.2, 2.2, 2.2, 2.2), z05 = c(3.5, 3.5, 3.5, 3.5, 3.5, 
3.5, 3.5, 3.5, 3.5, 3.5, 3.5, 3.5, 3.5, 3.5, 3.5, 3.5, 3.5, 3.5, 
3.5, 3.5), z06 = c(3.6, 3.6, 3.6, 3.6, 3.6, 3.6, 3.6, 3.6, 3.6, 
3.6, 3.6, 3.6, 3.6, 3.6, 3.6, 3.6, 3.6, 3.6, 3.6, 3.6), z07 = c(1.9, 
1.9, 1.9, 1.9, 1.9, 1.9, 1.9, 1.9, 1.9, 1.9, 1.9, 1.9, 1.9, 1.9, 
1.9, 1.9, 1.9, 1.9, 1.9, 1.9), z08 = c(3, 3, 3, 3, 3, 3, 3, 3, 
3, 3, 3, 3, 3, 3, 3, 3, 3, 3, 3, 3), z09 = c(4.8, 4.8, 4.8, 4.8, 
4.8, 4.8, 4.8, 4.8, 4.8, 4.8, 4.8, 4.8, 4.8, 4.8, 4.8, 4.8, 4.8, 
4.8, 4.8, 4.8), z10 = c(4.7, 4.7, 4.7, 4.7, 4.7, 4.7, 4.7, 4.7, 
4.7, 4.7, 4.7, 4.7, 4.7, 4.7, 4.7, 4.7, 4.7, 4.7, 4.7, 4.7)), .Names = c("x2", 
"y01", "y02", "y03", "y04", "y05", "y06", "y07", "y08", "y09", "y10", 
"z01", "z02", "z03", "z04", "z05", "z06", "z07", "z08", "z09", "z10"), row.names = c(NA, 
-20L), class = "data.frame")
