Huggins89table1 <-
structure(list(x2 = c(6.3, 4, 4.7, 4.8, 6.6, 3.9, 5.9, 5, 5.6, 
4.6, 5.9, 4.4, 4.6, 4.4, 5.6, 3.6, 3.7, 4.4, 3.6, 4.4), y01 = c(0, 
0, 0, 0, 0, 0, 0, 0, 0, 0, 0, 0, 0, 0, 0, 0, 0, 0, 0, 0), y02 = c(1, 
1, 1, 0, 0, 0, 1, 0, 0, 0, 0, 0, 0, 0, 0, 0, 0, 1, 0, 0), y03 = c(0, 
1, 0, 1, 0, 0, 1, 0, 0, 0, 0, 0, 0, 0, 1, 0, 0, 1, 0, 0), y04 = c(1, 
1, 0, 1, 0, 0, 1, 1, 0, 1, 1, 0, 0, 1, 1, 0, 0, 1, 0, 0), y05 = c(1, 
1, 1, 1, 1, 0, 0, 0, 0, 0, 0, 0, 0, 0, 0, 0, 1, 1, 1, 0), y06 = c(0, 
0, 1, 0, 0, 0, 1, 1, 1, 1, 1, 0, 0, 0, 1, 0, 1, 0, 0, 0), y07 = c(0, 
0, 1, 1, 1, 0, 1, 0, 1, 0, 0, 0, 0, 1, 1, 1, 0, 1, 0, 1), y08 = c(1, 
1, 1, 1, 0, 0, 0, 0, 1, 0, 0, 0, 0, 0, 1, 0, 0, 0, 1, 0), y09 = c(0, 
0, 0, 0, 1, 0, 0, 1, 0, 0, 0, 0, 0, 0, 0, 0, 0, 0, 0, 0), y10 = c(0, 
0, 0, 0, 1, 0, 0, 0, 0, 0, 0, 0, 1, 0, 0, 0, 0, 0, 0, 0), t01 = c(5.8, 
5.8, 5.8, 5.8, 5.8, 5.8, 5.8, 5.8, 5.8, 5.8, 5.8, 5.8, 5.8, 5.8, 
5.8, 5.8, 5.8, 5.8, 5.8, 5.8), t02 = c(2.9, 2.9, 2.9, 2.9, 2.9, 
2.9, 2.9, 2.9, 2.9, 2.9, 2.9, 2.9, 2.9, 2.9, 2.9, 2.9, 2.9, 2.9, 
2.9, 2.9), t03 = c(3.7, 3.7, 3.7, 3.7, 3.7, 3.7, 3.7, 3.7, 3.7, 
3.7, 3.7, 3.7, 3.7, 3.7, 3.7, 3.7, 3.7, 3.7, 3.7, 3.7), t04 = c(2.2, 
2.2, 2.2, 2.2, 2.2, 2.2, 2.2, 2.2, 2.2, 2.2, 2.2, 2.2, 2.2, 2.2, 
2.2, 2.2, 2.2, 2.2, 2.2, 2.2), t05 = c(3.5, 3.5, 3.5, 3.5, 3.5, 
3.5, 3.5, 3.5, 3.5, 3.5, 3.5, 3.5, 3.5, 3.5, 3.5, 3.5, 3.5, 3.5, 
3.5, 3.5), t06 = c(3.6, 3.6, 3.6, 3.6, 3.6, 3.6, 3.6, 3.6, 3.6, 
3.6, 3.6, 3.6, 3.6, 3.6, 3.6, 3.6, 3.6, 3.6, 3.6, 3.6), t07 = c(1.9, 
1.9, 1.9, 1.9, 1.9, 1.9, 1.9, 1.9, 1.9, 1.9, 1.9, 1.9, 1.9, 1.9, 
1.9, 1.9, 1.9, 1.9, 1.9, 1.9), t08 = c(3, 3, 3, 3, 3, 3, 3, 3, 
3, 3, 3, 3, 3, 3, 3, 3, 3, 3, 3, 3), t09 = c(4.8, 4.8, 4.8, 4.8, 
4.8, 4.8, 4.8, 4.8, 4.8, 4.8, 4.8, 4.8, 4.8, 4.8, 4.8, 4.8, 4.8, 
4.8, 4.8, 4.8), t10 = c(4.7, 4.7, 4.7, 4.7, 4.7, 4.7, 4.7, 4.7, 
4.7, 4.7, 4.7, 4.7, 4.7, 4.7, 4.7, 4.7, 4.7, 4.7, 4.7, 4.7)), .Names = c("x2", 
"y01", "y02", "y03", "y04", "y05", "y06", "y07", "y08", "y09", "y10", 
"t01", "t02", "t03", "t04", "t05", "t06", "t07", "t08", "t09", "t10"), row.names = c(NA, 
-20L), class = "data.frame")
