lakeO <-
structure(list(year = 1974:1988, total.fish = c(14, 23, 19, 47, 
45, 65, 13, 22, 27, 3, 20, 17, 10, 20, 17), brown = c(1, 0, 1, 
1, 4, 0, 3, 2, 2, 1, 4, 5, 1, 8, 2), rainbow = c(13, 23, 18, 
46, 41, 65, 10, 20, 25, 2, 16, 12, 9, 12, 15), visits = c(8, 
12, 6, 15, 18, 22, 7, 10, 11, 2, 8, 9, 4, 11, 8)), .Names = c("year", 
"total.fish", "brown", "rainbow", "visits"), row.names = c(NA, 
-15L), class = "data.frame")
