"pneumo" <-
structure(list(exposure.time = c(5.8, 15, 21.5, 27.5, 33.5, 39.5, 
46, 51.5), normal = c(98, 51, 34, 35, 32, 23, 12, 4), mild = c(0, 
2, 6, 5, 10, 7, 6, 2), severe = c(0, 1, 3, 8, 9, 8, 10, 5)), .Names = c("exposure.time", 
"normal", "mild", "severe"), class = "data.frame", row.names = c("1", 
"2", "3", "4", "5", "6", "7", "8"))
