prinia <-
structure(list(length = c(1.00650390429046, 1.26462565963668, 
-0.0259831170944524, 3.07147794706027, 0.438636042528757, 0.748382148944229, 
2.03899092567536, 0.748382148944229, 1.52274741498291, -0.0259831170944524, 
1.13556478196357, 0.748382148944229, 1.26462565963668, 0.748382148944229, 
0.941973465453899, -0.0259831170944524, 0.748382148944229, -0.800348383133134, 
0.59350909573649, 1.52274741498291, 1.78086917032914, -0.284104872440681, 
-0.413165750113793, 0.748382148944229, -0.800348383133134, -0.800348383133134, 
-0.800348383133134, 1.52274741498291, -1.57471364917181, -0.800348383133134, 
1.52274741498291, -0.0259831170944524, -0.0259831170944524, 0.748382148944229, 
0.748382148944229, 0.361199515924888, -0.800348383133134, -0.0259831170944524, 
0.748382148944229, -0.800348383133134, -0.0259831170944524, -0.0259831170944524, 
-0.800348383133134, -0.0259831170944524, -0.0259831170944524, 
-0.0259831170944524, 0.748382148944229, -0.800348383133134, -0.800348383133134, 
-0.0259831170944524, -0.0259831170944524, -2.3490789152105, -0.0259831170944524, 
0.748382148944229, -0.800348383133134, -1.57471364917181, -0.0259831170944524, 
-0.800348383133134, -0.800348383133134, -0.0259831170944524, 
-0.0259831170944524, -0.0259831170944524, -0.0259831170944524, 
-0.0259831170944524, -0.800348383133134, -0.800348383133134, 
-0.800348383133134, -0.800348383133134, -1.57471364917181, -1.57471364917181, 
0.748382148944229, -1.96189628219116, 1.52274741498291, -0.800348383133134, 
1.52274741498291, 2.29711268102159, -0.0259831170944524, -0.800348383133134, 
-0.0259831170944524, 0.748382148944229, 0.361199515924888, -1.57471364917181, 
0.748382148944229, -0.800348383133134, 0.748382148944229, -0.800348383133134, 
-0.800348383133134, 0.748382148944229, -0.800348383133134, -0.0259831170944524, 
1.52274741498291, -0.0259831170944524, 0.748382148944229, -0.800348383133134, 
-0.800348383133134, 1.52274741498291, -0.800348383133134, -2.3490789152105, 
0.748382148944229, 1.52274741498291, 0.748382148944229, -0.0259831170944524, 
-0.800348383133134, 0.748382148944229, -1.57471364917181, 0.748382148944229, 
-0.0259831170944524, -1.57471364917181, -0.800348383133134, -0.0259831170944524, 
-0.0259831170944524, -0.800348383133134, -0.800348383133134, 
-1.57471364917181, -1.57471364917181, -1.57471364917181, 0.748382148944229, 
-0.800348383133134, -0.0259831170944524, 1.52274741498291, -0.800348383133134, 
-0.0259831170944524, 1.52274741498291, -0.0259831170944524, 0.748382148944229, 
-0.0259831170944524, -0.542226627786905, -0.606757066623463, 
1.52274741498291, -1.57471364917181, -0.800348383133134, -0.0259831170944524, 
-0.0259831170944524, 0.748382148944229, 0.748382148944229, -0.0259831170944524, 
0.361199515924888, -0.0259831170944524, -0.800348383133134, -0.0259831170944524, 
-0.413165750113793, -2.3490789152105, 1.52274741498291, -0.0259831170944524, 
-0.0259831170944524, -0.0259831170944524, 1.52274741498291, -0.0259831170944524, 
-0.800348383133134, -0.800348383133134, 1.52274741498291), fat = c(1, 
1, 1, 0, 1, 0, 1, 1, 1, 1, 1, 1, 1, 0, 1, 1, 1, 1, 1, 0, 1, 1, 
1, 1, 1, 1, 0, 0, 1, 1, 0, 0, 1, 1, 1, 1, 1, 1, 0, 1, 1, 1, 1, 
1, 1, 1, 1, 1, 1, 1, 1, 1, 1, 0, 1, 1, 1, 1, 1, 1, 1, 1, 1, 0, 
0, 1, 1, 1, 0, 1, 0, 0, 1, 0, 1, 1, 0, 1, 1, 1, 1, 1, 0, 0, 0, 
0, 0, 0, 0, 0, 1, 0, 0, 1, 0, 0, 0, 0, 0, 0, 0, 0, 0, 0, 0, 0, 
1, 0, 0, 0, 0, 0, 0, 0, 0, 0, 0, 0, 0, 0, 0, 0, 1, 1, 1, 1, 1, 
1, 0, 0, 0, 1, 1, 0, 1, 1, 1, 0, 0, 1, 1, 1, 1, 1, 0, 1, 1, 0, 
0, 1, 0), cap = c(5, 3, 6, 1, 5, 1, 3, 1, 1, 1, 4, 1, 3, 2, 4, 
1, 3, 1, 5, 1, 2, 3, 2, 1, 1, 1, 1, 1, 1, 1, 2, 1, 1, 1, 1, 2, 
1, 1, 1, 5, 1, 1, 1, 1, 1, 1, 1, 1, 1, 2, 1, 1, 1, 1, 4, 1, 1, 
1, 1, 1, 1, 1, 1, 1, 1, 1, 2, 2, 1, 1, 1, 2, 1, 1, 1, 1, 1, 1, 
1, 1, 2, 1, 2, 1, 2, 1, 1, 1, 1, 1, 1, 2, 1, 1, 1, 2, 1, 1, 1, 
1, 1, 1, 1, 1, 1, 1, 1, 1, 1, 1, 1, 1, 1, 1, 1, 1, 1, 1, 1, 1, 
1, 1, 3, 1, 1, 1, 3, 4, 1, 1, 1, 1, 4, 1, 1, 2, 4, 1, 1, 1, 2, 
1, 1, 1, 3, 1, 2, 1, 1, 1, 1), noncap = c(14, 16, 13, 18, 14, 
18, 16, 18, 18, 18, 15, 18, 16, 17, 15, 18, 16, 18, 14, 18, 17, 
16, 17, 18, 18, 18, 18, 18, 18, 18, 17, 18, 18, 18, 18, 17, 18, 
18, 18, 14, 18, 18, 18, 18, 18, 18, 18, 18, 18, 17, 18, 18, 18, 
18, 15, 18, 18, 18, 18, 18, 18, 18, 18, 18, 18, 18, 17, 17, 18, 
18, 18, 17, 18, 18, 18, 18, 18, 18, 18, 18, 17, 18, 17, 18, 17, 
18, 18, 18, 18, 18, 18, 17, 18, 18, 18, 17, 18, 18, 18, 18, 18, 
18, 18, 18, 18, 18, 18, 18, 18, 18, 18, 18, 18, 18, 18, 18, 18, 
18, 18, 18, 18, 18, 16, 18, 18, 18, 16, 15, 18, 18, 18, 18, 15, 
18, 18, 17, 15, 18, 18, 18, 17, 18, 18, 18, 16, 18, 17, 18, 18, 
18, 18), y01 = c(0, 0, 0, 0, 0, 0, 0, 0, 0, 0, 0, 0, 0, 0, 1, 
0, 0, 0, 0, 0, 0, 0, 0, 0, 0, 0, 0, 0, 0, 0, 0, 0, 0, 0, 0, 0, 
0, 0, 0, 0, 0, 0, 0, 0, 0, 0, 0, 0, 0, 0, 0, 0, 0, 0, 0, 0, 0, 
0, 0, 0, 0, 0, 0, 0, 0, 0, 0, 0, 0, 0, 0, 0, 0, 0, 0, 0, 0, 0, 
0, 0, 0, 0, 0, 0, 0, 0, 0, 0, 0, 0, 0, 0, 0, 0, 0, 0, 0, 0, 0, 
0, 0, 0, 0, 0, 0, 0, 0, 0, 0, 0, 0, 0, 0, 0, 0, 0, 0, 0, 0, 0, 
0, 0, 0, 0, 0, 0, 0, 0, 0, 0, 0, 0, 0, 0, 0, 0, 0, 0, 0, 0, 0, 
0, 0, 0, 0, 0, 0, 0, 0, 0, 0), y02 = c(0, 0, 0, 0, 1, 0, 0, 0, 
1, 1, 0, 0, 1, 0, 0, 0, 1, 0, 1, 0, 0, 0, 0, 0, 0, 0, 0, 1, 0, 
1, 1, 1, 1, 1, 0, 0, 0, 0, 0, 0, 0, 0, 0, 0, 0, 0, 0, 0, 0, 0, 
0, 0, 0, 0, 0, 0, 0, 0, 0, 0, 0, 0, 0, 0, 0, 0, 0, 0, 0, 0, 0, 
0, 0, 0, 0, 0, 0, 0, 0, 0, 0, 0, 0, 0, 0, 0, 0, 0, 0, 0, 0, 0, 
0, 0, 0, 0, 0, 0, 0, 0, 0, 0, 0, 0, 0, 0, 0, 0, 0, 0, 0, 0, 0, 
0, 0, 0, 0, 0, 0, 0, 0, 0, 0, 0, 0, 0, 1, 0, 0, 0, 0, 0, 0, 0, 
0, 1, 1, 0, 0, 1, 1, 0, 0, 1, 0, 0, 1, 0, 0, 0, 1), y03 = c(0, 
0, 0, 0, 0, 0, 0, 0, 0, 0, 1, 0, 0, 0, 0, 0, 1, 0, 0, 0, 0, 0, 
0, 0, 0, 0, 0, 0, 0, 0, 0, 0, 0, 0, 0, 0, 0, 0, 0, 0, 0, 0, 0, 
0, 0, 0, 0, 0, 0, 0, 0, 0, 0, 0, 0, 0, 0, 0, 0, 0, 0, 0, 0, 0, 
0, 0, 0, 0, 0, 0, 0, 0, 0, 0, 0, 0, 0, 0, 0, 0, 0, 0, 0, 0, 0, 
0, 0, 0, 0, 0, 0, 0, 0, 0, 0, 0, 0, 0, 0, 0, 0, 0, 0, 0, 0, 0, 
0, 0, 0, 0, 0, 0, 0, 0, 0, 0, 0, 0, 0, 0, 0, 0, 0, 0, 0, 0, 0, 
0, 0, 0, 0, 0, 0, 0, 0, 1, 0, 0, 0, 0, 0, 0, 1, 0, 0, 0, 0, 0, 
0, 0, 0), y04 = c(0, 0, 0, 0, 0, 0, 0, 0, 0, 0, 0, 0, 0, 0, 1, 
0, 0, 0, 0, 0, 0, 0, 0, 0, 0, 0, 0, 0, 0, 0, 0, 0, 0, 0, 1, 0, 
0, 0, 0, 0, 0, 0, 0, 0, 0, 0, 0, 0, 0, 0, 0, 0, 0, 0, 0, 0, 0, 
0, 0, 0, 0, 0, 0, 0, 0, 0, 0, 0, 0, 0, 0, 0, 0, 0, 0, 0, 0, 0, 
0, 0, 0, 0, 0, 0, 0, 0, 0, 0, 0, 0, 0, 0, 0, 0, 0, 0, 0, 0, 0, 
0, 0, 0, 0, 0, 0, 0, 0, 0, 0, 0, 0, 0, 0, 0, 0, 0, 0, 0, 0, 0, 
0, 0, 0, 0, 0, 0, 0, 0, 0, 0, 0, 0, 0, 0, 0, 0, 0, 0, 0, 0, 0, 
0, 0, 0, 0, 0, 0, 0, 0, 0, 0), y05 = c(0, 0, 0, 0, 0, 0, 0, 0, 
0, 0, 0, 0, 0, 0, 0, 0, 0, 0, 0, 0, 0, 0, 0, 0, 0, 0, 0, 0, 0, 
0, 0, 0, 0, 0, 0, 1, 1, 1, 1, 1, 1, 0, 0, 0, 0, 0, 0, 0, 0, 0, 
0, 0, 0, 0, 0, 0, 0, 0, 0, 0, 0, 0, 0, 0, 0, 0, 0, 0, 0, 0, 0, 
0, 0, 0, 0, 0, 0, 0, 0, 0, 0, 0, 0, 0, 0, 0, 0, 0, 0, 0, 0, 0, 
0, 0, 0, 0, 0, 0, 0, 0, 0, 0, 0, 0, 0, 0, 0, 0, 0, 0, 0, 0, 0, 
0, 0, 0, 0, 0, 0, 0, 0, 0, 0, 0, 0, 0, 0, 0, 0, 0, 0, 0, 0, 0, 
0, 0, 0, 0, 0, 0, 0, 0, 0, 0, 0, 0, 1, 0, 0, 0, 0), y06 = c(0, 
0, 0, 0, 0, 0, 1, 0, 0, 0, 0, 1, 0, 0, 0, 0, 0, 0, 0, 0, 0, 0, 
0, 0, 0, 0, 0, 0, 0, 0, 0, 0, 0, 0, 0, 0, 0, 0, 0, 1, 0, 1, 1, 
1, 1, 1, 1, 0, 0, 0, 0, 0, 0, 0, 0, 0, 0, 0, 0, 0, 0, 0, 0, 0, 
0, 0, 0, 0, 0, 0, 0, 0, 0, 0, 0, 0, 0, 0, 0, 0, 0, 0, 0, 0, 0, 
0, 0, 0, 0, 0, 0, 0, 0, 0, 0, 0, 0, 0, 0, 0, 0, 0, 0, 0, 0, 0, 
0, 0, 0, 0, 0, 0, 0, 0, 0, 0, 0, 0, 0, 0, 0, 0, 0, 0, 0, 0, 0, 
0, 0, 0, 0, 0, 0, 0, 0, 0, 0, 0, 0, 0, 0, 0, 0, 0, 0, 0, 0, 0, 
0, 0, 0), y07 = c(0, 0, 1, 0, 0, 0, 1, 1, 0, 0, 1, 0, 1, 0, 0, 
1, 0, 0, 0, 0, 0, 1, 0, 0, 0, 0, 0, 0, 0, 0, 0, 0, 0, 0, 0, 1, 
0, 0, 0, 1, 0, 0, 0, 0, 0, 0, 0, 1, 1, 1, 1, 1, 1, 1, 1, 1, 1, 
1, 1, 1, 1, 0, 0, 0, 0, 0, 0, 0, 0, 0, 0, 0, 0, 0, 0, 0, 0, 0, 
0, 0, 0, 0, 0, 0, 0, 0, 0, 0, 0, 0, 0, 0, 0, 0, 0, 0, 0, 0, 0, 
0, 0, 0, 0, 0, 0, 0, 0, 0, 0, 0, 0, 0, 0, 0, 0, 0, 0, 0, 0, 0, 
0, 0, 1, 1, 1, 1, 0, 0, 0, 0, 0, 0, 1, 0, 0, 0, 0, 0, 0, 0, 0, 
0, 0, 0, 0, 0, 0, 0, 0, 0, 0),