"rainfall" <- c(0, 23, 13, 69, 46, 0, 10, 15, 18, 18, 0,
        0, 0, 0, 0, 0, 0, 0, 0, 0, 0, 0, 0, 0, 33, 28, 30,
	0, 81, 15, 41, 0, 0, 0, 0, 0, 48, 318, 0, 15, 254, 51, 150,
	168, 163, 0, 0, 117, 23, 20, 109, 81, 23, 15, 0, 0, 0, 30, 18,
	25, 30, 66, 20, 84, 74, 119, 325, 107, 25, 183, 51, 135, 109,
	81, 8, 127, 3, 157, 185, 23, 18, 58, 20, 71, 23, 0, 107, 69,
	48, 0, 38, 38, 58, 84, 76, 30, 36, 36, 48, 147, 5, 0, 0, 0, 0,
	0, 0, 0, 0, 0, 0, 8, 0, 0, 0, 0, 0, 0, 0, 0, 0, 30, 142, 56,
	25, 18, 64, 8, 20, 53, 0, 0, 0, 0, 0, 0, 0, 0, 0, 0, 0, 0, 13,
	0, 0, 0, 0, 23, 51, 0, 13, 46, 0, 0, 0, 0, 3, 8, 64, 170, 5,
	51, 0, 0, 5, 0, 0, 0, 0, 0, 0, 155, 13, 0, 0, 0, 0, 0, 0, 0, 0,
	30, 38, 0, 178, 0, 130, 81, 0, 0, 0, 0, 0, 51, 0, 23, 13, 5, 3,
	279, 0, 0, 0, 46, 20, 30, 79, 10, 0, 46, 0, 203, 147, 10, 76,
	36, 0, 33, 71, 41, 25, 0, 0, 0, 0, 241, 43, 0, 0, 0, 0, 41, 0,
	5, 0, 36, 175, 10, 0, 0, 0, 0, 0, 0, 0, 0, 56, 0, 0, 74, 0,
	117, 76, 10, 66, 114, 10, 36, 66, 13, 76, 18, 0, 0, 0, 0, 0, 0,
	0, 0, 0, 0, 0, 0, 0, 3, 0, 0, 0, 0, 0, 0, 0, 0, 0, 58, 13, 8,
	0, 0, 0, 0, 0, 81, 150, 20, 3, 119, 13, 51, 102, 18, 33, 147,
	130, 0, 0, 94, 0, 25, 0, 0, 0, 0, 20, 33, 114, 132, 79, 0, 0,
	0, 46, 0, 0, 0, 0, 25, 30, 89, 64, 64, 229, 157, 0, 168, 38,
	221, 51, 119, 69, 0, 0, 0, 119, 23, 43, 46, 183, 0, 318, 81,
	15, 58, 30, 0, 0, 0, 114, 213, 117, 203, 13, 445, 140, 150, 69,
	13, 10, 18, 229, 81, 51, 10, 84, 38, 43, 8, 48, 28, 15, 8, 5,
	10, 157, 86, 25, 58, 0, 0, 0, 0, 0, 0, 66, 18, 76, 137, 117,
	206, 287, 64, 203, 135, 51, 168, 0, 102, 305, 0, 0, 432, 43,
	66, 10, 0, 30, 36, 13, 0, 0, 91, 20, 18, 0, 25, 38, 0, 3, 0, 5,
	0, 0, 20, 46, 0, 0, 0, 0, 0, 0, 0, 0, 0, 0, 38, 0, 0, 0, 0, 0,
	0, 0, 0, 0, 0, 8, 23, 0, 51, 112, 23, 0, 51, 20, 13, 0, 0, 0,
	0, 0, 0, 0, 5, 61, 0, 46, 0, 0, 0, 0, 0, 0, 0, 0, 25, 0, 56, 8,
	0, 0, 0, 0, 0, 0, 0, 152, 211, 0, 74, 76, 0, 0, 112, 0, 64, 0,
	0, 0, 0, 8, 0, 0, 0, 0, 0, 0, 18, 0, 0, 0, 0, 0, 0, 0, 0, 0, 0,
	0, 0, 0, 0, 0, 0, 0, 41, 53, 41, 0, 36, 43, 127, 76, 66, 229,
	36, 0, 0, 28, 0, 0, 152, 155, 13, 0, 3, 10, 0, 0, 51, 56, 259,
	0, 0, 41, 0, 25, 76, 122, 28, 71, 51, 36, 0, 0, 5, 48, 198,
	142, 3, 0, 51, 13, 0, 18, 0, 69, 51, 218, 102, 25, 0, 0, 0, 0,
	0, 0, 0, 0, 0, 0, 0, 0, 0, 13, 3, 0, 8, 216, 20, 0, 0, 0, 0, 0,
	0, 0, 0, 0, 0, 13, 20, 18, 0, 0, 0, 0, 0, 0, 0, 25, 30, 0, 18,
	0, 69, 33, 28, 58, 0, 0, 0, 0, 0, 38, 0, 0, 28, 0, 48, 0, 15,
	0, 5, 0, 0, 0, 43, 13, 8, 193, 84, 0, 0, 165, 84, 0, 127, 76,
	15, 0, 0, 0, 0, 0, 8, 13, 188, 41, 218, 94, 64, 0, 36, 0, 0, 0,
	0, 0, 0, 0, 0, 0, 0, 0, 0, 0, 48, 145, 79, 102, 135, 76, 262,
	33, 76, 224, 203, 30, 41, 13, 41, 356, 36, 25, 0, 0, 0, 0, 64,
	114, 229, 168, 142, 185, 0, 0, 43, 191, 102, 71, 89, 5, 74, 5,
	13, 41, 0, 0, 0, 0, 25, 0, 18, 5, 51, 0, 8, 64, 36, 25, 0, 18,
	0, 0, 0, 0, 0, 0, 0, 0, 0, 25, 381, 53, 13, 56, 76, 64, 69,
	201, 0, 10, 94, 130, 91, 38, 51, 86, 25, 76, 0, 0, 5, 127, 25,
	18, 8, 15, 36, 76, 20, 30, 23, 53, 15, 36, 8, 18, 0, 0, 0, 0,
	0, 0, 0, 0, 30, 0, 66, 28, 5, 0, 13, 69, 36, 277, 0, 5, 0, 0,
	0, 0, 0, 0, 0, 0, 0, 0, 0, 25, 28, 23, 0, 0, 41, 38, 25, 64, 8,
	0, 0, 0, 5, 66, 0, 0, 0, 0, 0, 0, 8, 15, 58, 28, 3, 43, 51, 46,
	8, 3, 3, 38, 0, 28, 0, 0, 0, 0, 0, 0, 0, 3, 3, 0, 0, 0, 0, 0,
	0, 0, 0, 0, 0, 25, 104, 38, 46, 25, 0, 64, 0, 25, 0, 0, 0, 0,
	0, 0, 0, 0, 0, 0, 38, 38, 0, 0, 61, 0, 0, 127, 5, 64, 0, 51,
	43, 0, 157, 23, 0, 3, 0, 0, 41, 3, 0, 0, 10, 0, 0, 0, 0, 0, 0,
	43, 0, 0, 0, 0, 0, 0, 0, 0, 0, 0, 0, 0, 0, 0, 0, 0, 0, 0, 0, 3,
	114, 43, 51, 152, 3, 0, 0, 0, 0, 0, 89, 38, 213, 66, 0, 3, 320,
	0, 23, 0, 64, 5, 30, 0, 0, 0, 0, 0, 0, 3, 0, 0, 0, 0, 0, 102,
	69, 5, 0, 0, 0, 0, 0, 0, 43, 91, 61, 84, 0, 41, 51, 178, 20,
	25, 76, 8, 0, 76, 0, 0, 51, 18, 25, 3, 25, 66, 23, 0, 0, 0,
	229, 56, 127, 38, 191, 173, 127, 66, 97, 38, 38, 76, 127, 318,
	130, 229, 274, 43, 41, 5, 0, 0, 0, 0, 0, 0, 191, 5, 127, 41,
	56, 3, 76, 5, 86, 30, 0, 0, 0, 0, 0, 0, 0, 0, 0, 0, 51, 51,
	165, 69, 0, 0, 8, 0, 0, 0, 0, 0, 0, 147, 56, 102, 51, 64, 0, 0,
	0, 165, 127, 0, 23, 5, 5, 25, 0, 64, 0, 155, 5, 0, 64, 0, 117,
	58, 23, 0, 0, 0, 0, 0, 0, 0, 0, 0, 0, 0, 0, 0, 0, 0, 0, 0, 0,
	0, 0, 0, 0, 0, 0, 0, 0, 0, 0, 0, 0, 0, 0, 28, 0, 0, 130, 66, 0,
	0, 25, 3, 13, 0, 0, 23, 0, 0, 0, 114, 107, 76, 0, 23, 5, 112,
	64, 0, 61, 0, 0, 0, 0, 0, 0, 0, 0, 0, 0, 0, 0, 0, 0, 0, 0, 0,
	0, 66, 51, 66, 0, 130, 0, 0, 41, 25, 89, 64, 3, 5, 30, 0, 0,
	69, 0, 0, 0, 0, 0, 0, 0, 0, 0, 0, 0, 0, 0, 0, 0, 0, 0, 0, 0, 0,
	0, 0, 0, 0, 0, 127, 0, 0, 0, 0, 0, 0, 0, 76, 0, 0, 127, 0, 183,
	0, 38, 0, 0, 102, 53, 25, 0, 0, 69, 76, 0, 41, 0, 0, 0, 0, 3,
	0, 0, 25, 0, 3, 38, 36, 0, 0, 0, 38, 0, 25, 64, 330, 64, 0, 0,
	0, 0, 0, 0, 3, 0, 51, 8, 0, 0, 0, 0, 0, 0, 51, 74, 76, 0, 0, 0,
	0, 0, 8, 3, 0, 0, 0, 0, 8, 0, 43, 0, 0, 0, 5, 91, 3, 109, 0,
	76, 155, 43, 165, 127, 10, 3, 48, 0, 0, 8, 0, 165, 264, 8, 97,
	107, 391, 173, 0, 64, 0, 25, 0, 0, 0, 0, 91, 0, 25, 0, 0, 0, 0,
	94, 28, 0, 0, 114, 165, 5, 25, 0, 0, 0, 0, 5, 30, 0, 0, 0, 0,
	0, 0, 89, 114, 48, 5, 76, 137, 127, 10, 102, 135, 102, 76, 114,
	66, 64, 3, 0, 0, 3, 51, 64, 109, 64, 8, 28, 3, 224, 5, 51, 3,
	3, 163, 0, 43, 66, 38, 74, 91, 15, 76, 0, 0, 3, 0, 0, 0, 0, 0,
	38, 69, 0, 23, 25, 3, 23, 5, 0, 0, 0, 0, 0, 0, 0, 0, 5, 25, 94,
	0, 0, 0, 0, 23, 3, 66, 152, 0, 0, 0, 0, 51, 0, 0, 0, 0, 0, 0,
	0, 25, 0, 0, 0, 0, 0, 0, 0, 0, 69, 0, 0, 38, 64, 0, 8, 89, 305,
	130, 102, 318, 66, 71, 81, 0, 38, 10, 0, 5, 0, 0, 0, 0, 0, 64,
	152, 89, 3, 0, 71, 69, 8, 0, 0, 25, 25, 3, 0, 0, 0, 0, 0, 15,
	38, 0, 0, 0, 48, 0, 66, 81, 64, 0, 0, 0, 0, 51, 51, 0, 0, 0, 0,
	64, 0, 0, 0, 0, 0, 0, 48, 25, 0, 0, 0, 0, 0, 0, 0, 30, 76, 38,
	127, 124, 41, 3, 25, 0, 25, 89, 5, 0, 0, 38, 18, 0, 0, 0, 0,
	165, 25, 0, 5, 48, 0, 0, 0, 0, 0, 76, 0, 0, 0, 64, 0, 0, 3, 0,
	48, 0, 0, 0, 0, 0, 0, 56, 66, 0, 0, 0, 3, 0, 0, 0, 0, 76, 0, 0,
	76, 0, 0, 0, 0, 0, 0, 0, 0, 0, 0, 0, 0, 38, 0, 89, 0, 0, 0, 0,
	25, 28, 0, 0, 201, 0, 0, 114, 0, 0, 0, 0, 0, 0, 0, 0, 0, 0, 0,
	0, 0, 0, 0, 0, 0, 89, 76, 38, 51, 25, 5, 127, 43, 25, 38, 74,
	38, 36, 254, 38, 0, 51, 94, 0, 0, 0, 0, 0, 117, 0, 0, 51, 61,
	41, 0, 0, 0, 0, 0, 0, 0, 0, 0, 0, 0, 0, 25, 0, 0, 0, 0, 99,
	132, 0, 48, 0, 0, 38, 0, 0, 0, 0, 43, 218, 0, 102, 56, 117, 0,
	130, 38, 86, 76, 41, 114, 36, 74, 51, 76, 137, 89, 33, 51, 0,
	20, 76, 0, 203, 8, 0, 0, 43, 0, 66, 53, 64, 127, 10, 43, 8, 0,
	25, 28, 127, 0, 0, 64, 0, 0, 5, 48, 0, 0, 23, 0, 0, 10, 0, 25,
	23, 323, 23, 74, 229, 3, 0, 155, 0, 0, 0, 0, 0, 0, 0, 0, 0, 0,
	0, 0, 0, 0, 0, 51, 89, 51, 0, 84, 76, 30, 0, 0, 71, 5, 203, 51,
	76, 157, 127, 102, 51, 51, 64, 127, 33, 74, 91, 89, 0, 89, 84,
	0, 53, 74, 5, 25, 38, 0, 0, 0, 25, 0, 203, 79, 25, 102, 48,
	203, 102, 25, 58, 23, 3, 76, 69, 119, 48, 38, 0, 38, 119, 178,
	66, 0, 0, 0, 63, 43, 63, 0, 0, 0, 0, 0, 0, 0, 69, 71, 84, 0, 0,
	0, 0, 0, 0, 0, 38, 0, 198, 119, 38, 79, 0, 229, 0, 0, 0, 8, 0,
	0, 0, 61, 3, 76, 132, 165, 63, 74, 53, 10, 130, 190, 20, 28, 0,
	0, 0, 0, 165, 66, 3, 0, 0, 0, 0, 0, 25, 97, 13, 25, 97, 28, 51,
	0, 0, 0, 0, 0, 43, 23, 114, 25, 51, 23, 112, 152, 15, 0, 0, 0,
	0, 0, 0, 0, 0, 0, 0, 89, 38, 46, 25, 41, 33, 15, 18, 5, 0, 0,
	0, 0, 13, 28, 86, 0, 0, 142, 0, 8, 0, 0, 0, 13, 25, 0, 0, 0, 0,
	0, 0, 0, 0, 0, 0, 0, 0, 15, 0, 0, 0, 5, 0, 0, 0, 5, 25, 0, 0,
	0, 13, 0, 0, 28, 43, 3, 0, 0, 69, 8, 3, 0, 0, 0, 30, 23, 0, 0,
	69, 0, 0, 0, 0, 0, 0, 36, 0, 20, 20, 0, 0, 0, 46, 109, 0, 51,
	48, 0, 0, 0, 0, 0, 0, 0, 0, 33, 0, 0, 0, 53, 0, 0, 0, 0, 0, 0,
	0, 0, 0, 0, 0, 18, 13, 30, 155, 36, 3, 0, 63, 0, 198, 36, 203,
	0, 69, 104, 0, 43, 13, 41, 170, 0, 0, 0, 0, 0, 0, 0, 0, 0, 0,
	0, 0, 0, 5, 97, 46, 25, 81, 0, 13, 0, 41, 0, 0, 0, 0, 81, 0, 0,
	0, 0, 0, 0, 0, 0, 0, 0, 46, 51, 33, 33, 0, 0, 0, 0, 0, 0, 0,
	114, 63, 13, 0, 0, 18, 25, 0, 0, 0, 0, 5, 0, 0, 0, 0, 122, 147,
	0, 102, 0, 0, 0, 0, 132, 119, 99, 36, 0, 89, 0, 18, 51, 97, 23,
	0, 76, 0, 165, 254, 25, 36, 38, 25, 76, 41, 0, 25, 213, 140, 0,
	79, 84, 198, 0, 8, 0, 46, 18, 25, 38, 163, 104, 36, 163, 30,
	130, 30, 213, 43, 269, 41, 33, 18, 41, 89, 66, 20, 13, 46, 23,
