"ruge" <-
structure(list(counts = c(57,203,383,525,532,408,273,139,45,27,10,4,0,1,1),
number = c(0,1,2,3,4,5,6,7,8,9,10,11,12,13,14), .Names = c("counts", 
"number"), class = "data.frame", row.names = c("1",
"2", "3", "4", "5", "6", "7", "8", "9", "10", "11", "12", "13", "14")))
