`toxop` <-
structure(list(rainfall = c(1735, 1936, 2000, 1973, 1750, 1800, 
1750, 2077, 1920, 1800, 2050, 1830, 1650, 2200, 2000, 1770, 1920, 
1770, 2240, 1620, 1756, 1650, 2250, 1796, 1890, 1871, 2063, 2100, 
1918, 1834, 1780, 1900, 1976, 2292), ssize = c(4, 10, 5, 10, 
2, 5, 8, 19, 6, 10, 24, 1, 30, 22, 1, 11, 1, 54, 9, 18, 12, 1, 
11, 77, 51, 16, 82, 13, 43, 75, 13, 10, 6, 37), cityNo = 1:34, 
    positive = c(2, 3, 1, 3, 2, 3, 2, 7, 3, 8, 7, 0, 15, 4, 0, 
    6, 0, 33, 4, 5, 2, 0, 8, 41, 24, 7, 46, 9, 23, 53, 8, 3, 
    1, 23)), .Names = c("rainfall", "ssize", "cityNo", "positive"
), row.names = c(NA, -34L), class = "data.frame")
