venice90 <-
structure(list(year = c(1940L, 1940L, 1940L, 1941L, 1941L, 1941L, 
1941L, 1942L, 1943L, 1944L, 1944L, 1944L, 1945L, 1945L, 1946L, 
1946L, 1946L, 1947L, 1947L, 1947L, 1947L, 1948L, 1948L, 1948L, 
1949L, 1949L, 1950L, 1950L, 1951L, 1951L, 1951L, 1951L, 1951L, 
1951L, 1952L, 1952L, 1952L, 1953L, 1953L, 1953L, 1953L, 1954L, 
1954L, 1954L, 1955L, 1955L, 1955L, 1955L, 1956L, 1956L, 1957L, 
1957L, 1957L, 1957L, 1958L, 1958L, 1958L, 1958L, 1958L, 1958L, 
1959L, 1959L, 1959L, 1959L, 1959L, 1960L, 1960L, 1960L, 1960L, 
1960L, 1960L, 1960L, 1960L, 1960L, 1961L, 1961L, 1961L, 1962L, 
1962L, 1962L, 1962L, 1962L, 1962L, 1962L, 1962L, 1963L, 1963L, 
1963L, 1963L, 1963L, 1963L, 1963L, 1963L, 1963L, 1964L, 1964L, 
1964L, 1964L, 1964L, 1965L, 1965L, 1965L, 1965L, 1965L, 1965L, 
1965L, 1965L, 1966L, 1966L, 1966L, 1966L, 1966L, 1966L, 1966L, 
1966L, 1967L, 1967L, 1967L, 1967L, 1968L, 1968L, 1968L, 1968L, 
1968L, 1968L, 1968L, 1968L, 1969L, 1969L, 1969L, 1969L, 1969L, 
1969L, 1969L, 1970L, 1970L, 1970L, 1970L, 1970L, 1970L, 1971L, 
1971L, 1971L, 1971L, 1971L, 1971L, 1971L, 1971L, 1972L, 1972L, 
1972L, 1972L, 1972L, 1973L, 1973L, 1973L, 1973L, 1974L, 1974L, 
1974L, 1974L, 1975L, 1975L, 1975L, 1975L, 1976L, 1976L, 1976L, 
1976L, 1976L, 1976L, 1976L, 1976L, 1977L, 1977L, 1977L, 1977L, 
1977L, 1977L, 1978L, 1978L, 1978L, 1978L, 1978L, 1978L, 1978L, 
1978L, 1978L, 1978L, 1979L, 1979L, 1979L, 1979L, 1979L, 1979L, 
1979L, 1979L, 1979L, 1979L, 1979L, 1979L, 1980L, 1980L, 1980L, 
1980L, 1980L, 1980L, 1980L, 1981L, 1981L, 1981L, 1981L, 1981L, 
1981L, 1982L, 1982L, 1982L, 1982L, 1982L, 1982L, 1982L, 1982L, 
1983L, 1983L, 1983L, 1983L, 1983L, 1984L, 1984L, 1984L, 1984L, 
1984L, 1984L, 1984L, 1984L, 1984L, 1984L, 1985L, 1985L, 1985L, 
1985L, 1985L, 1985L, 1985L, 1985L, 1986L, 1986L, 1986L, 1986L, 
1986L, 1986L, 1986L, 1987L, 1987L, 1987L, 1987L, 1987L, 1987L, 
1987L, 1987L, 1987L, 1988L, 1988L, 1988L, 1989L, 1989L, 1989L, 
1989L, 1990L, 1990L, 1990L, 1990L, 1991L, 1991L, 1991L, 1991L, 
1991L, 1991L, 1992L, 1992L, 1992L, 1992L, 1992L, 1992L, 1992L, 
1992L, 1993L, 1993L, 1993L, 1993L, 1993L, 1993L, 1993L, 1994L, 
1994L, 1994L, 1995L, 1995L, 1995L, 1995L, 1995L, 1995L, 1996L, 
1996L, 1996L, 1996L, 1996L, 1996L, 1996L, 1996L, 1996L, 1996L, 
1996L, 1997L, 1997L, 1997L, 1997L, 1997L, 1997L, 1997L, 1997L, 
1997L, 1997L, 1998L, 1998L, 1998L, 1998L, 1998L, 1998L, 1998L, 
1999L, 1999L, 1999L, 1999L, 1999L, 1999L, 1999L, 1999L, 1999L, 
2000L, 2000L, 2000L, 2000L, 2000L, 2000L, 2000L, 2000L, 2000L, 
2000L, 2000L, 2000L, 2001L, 2001L, 2001L, 2001L, 2001L, 2001L, 
2001L, 2001L, 2001L, 2001L, 2001L, 2001L, 2001L, 2002L, 2002L, 
2002L, 2002L, 2002L, 2002L, 2002L, 2002L, 2002L, 2002L, 2002L, 
2002L, 2002L, 2002L, 2002L, 2003L, 2003L, 2003L, 2003L, 2003L, 
2003L, 2003L, 2004L, 2004L, 2004L, 2004L, 2004L, 2004L, 2004L, 
2004L, 2004L, 2004L, 2004L, 2005L, 2005L, 2005L, 2005L, 2005L, 
2005L, 2005L, 2005L, 2005L, 2005L, 2006L, 2006L, 2006L, 2006L, 
2006L, 2006L, 2006L, 2006L, 2007L, 2007L, 2007L, 2007L, 2007L, 
2007L, 2007L, 2007L, 2008L, 2008L, 2008L, 2008L, 2008L, 2008L, 
2008L, 2008L, 2008L, 2008L, 2008L, 2008L, 2008L, 2008L, 2009L, 
2009L, 2009L, 2009L, 2009L, 2009L, 2009L, 2009L, 2009L, 2009L, 
2009L, 2009L, 2009L, 2009L, 2009L, 2009L, 2009L, 2009L), month = c(10L, 
10L, 11L, 1L, 1L, 2L, 11L, 11L, 11L, 10L, 10L, 11L, 1L, 12L, 
3L, 5L, 12L, 2L, 11L, 12L, 12L, 1L, 9L, 10L, 11L, 11L, 11L, 12L, 
2L, 2L, 3L, 11L, 11L, 11L, 1L, 10L, 12L, 1L, 2L, 6L, 10L, 5L, 
11L, 12L, 2L, 9L, 11L, 12L, 10L, 11L, 2L, 4L, 11L, 12L, 3L, 4L, 
10L, 11L, 12L, 12L, 4L, 10L, 11L, 11L, 12L, 1L, 2L, 2L, 10L, 
10L, 10L, 11L, 12L, 12L, 1L, 10L, 11L, 1L, 1L, 1L, 3L, 11L, 11L, 
11L, 12L, 1L, 2L, 2L, 4L, 10L, 11L, 11L, 11L, 12L, 10L, 10L, 
12L, 12L, 12L, 1L, 3L, 9L, 9L, 11L, 11L, 12L, 12L, 1L, 1L, 2L, 
10L, 11L, 11L, 12L, 12L, 4L, 5L, 11L, 12L, 9L, 9L, 11L, 11L, 
11L, 12L, 12L, 12L, 1L, 2L, 2L, 11L, 11L, 11L, 12L, 1L, 1L, 3L, 
4L, 11L, 12L, 1L, 2L, 3L, 4L, 4L, 6L, 11L, 11L, 1L, 2L, 4L, 5L, 
11L, 9L, 9L, 10L, 12L, 3L, 10L, 10L, 11L, 3L, 10L, 11L, 11L, 
2L, 10L, 10L, 10L, 10L, 11L, 12L, 12L, 1L, 1L, 2L, 11L, 11L, 
12L, 1L, 1L, 4L, 5L, 5L, 10L, 10L, 11L, 12L, 12L, 1L, 2L, 2L, 
3L, 3L, 4L, 8L, 9L, 10L, 11L, 11L, 12L, 1L, 1L, 3L, 7L, 10L, 
10L, 12L, 9L, 10L, 10L, 12L, 12L, 12L, 1L, 10L, 10L, 11L, 11L, 
11L, 12L, 12L, 2L, 3L, 5L, 5L, 12L, 3L, 4L, 5L, 5L, 6L, 9L, 10L, 
10L, 11L, 11L, 1L, 1L, 1L, 2L, 3L, 5L, 11L, 11L, 1L, 2L, 2L, 
2L, 4L, 10L, 11L, 1L, 3L, 5L, 7L, 8L, 10L, 11L, 11L, 12L, 3L, 
11L, 12L, 3L, 4L, 11L, 12L, 11L, 11L, 11L, 12L, 9L, 10L, 10L, 
11L, 11L, 12L, 4L, 4L, 10L, 10L, 10L, 10L, 10L, 12L, 9L, 10L, 
10L, 10L, 10L, 12L, 12L, 1L, 5L, 11L, 1L, 5L, 8L, 9L, 12L, 12L, 
1L, 2L, 5L, 6L, 10L, 11L, 11L, 11L, 11L, 12L, 12L, 1L, 1L, 5L, 
6L, 10L, 11L, 11L, 11L, 12L, 12L, 4L, 4L, 9L, 10L, 10L, 11L, 
12L, 4L, 4L, 9L, 10L, 10L, 11L, 11L, 12L, 12L, 4L, 4L, 9L, 9L, 
10L, 10L, 11L, 11L, 11L, 12L, 12L, 12L, 1L, 1L, 1L, 1L, 3L, 3L, 
3L, 4L, 7L, 9L, 9L, 11L, 12L, 4L, 4L, 6L, 8L, 9L, 10L, 11L, 11L, 
11L, 11L, 11L, 12L, 12L, 12L, 12L, 1L, 1L, 2L, 10L, 10L, 11L, 
11L, 1L, 4L, 5L, 5L, 9L, 10L, 10L, 10L, 11L, 11L, 12L, 1L, 2L, 
4L, 8L, 9L, 10L, 11L, 12L, 12L, 12L, 3L, 4L, 9L, 10L, 10L, 10L, 
11L, 12L, 2L, 3L, 5L, 5L, 6L, 9L, 10L, 11L, 1L, 3L, 3L, 4L, 4L, 
5L, 10L, 11L, 11L, 11L, 12L, 12L, 12L, 12L, 1L, 2L, 2L, 2L, 3L, 
6L, 6L, 10L, 11L, 11L, 11L, 11L, 12L, 12L, 12L, 12L, 12L, 12L
), day = c(25L, 30L, 17L, 4L, 17L, 25L, 6L, 6L, 25L, 5L, 30L, 
15L, 13L, 20L, 3L, 13L, 9L, 4L, 29L, 2L, 8L, 28L, 4L, 31L, 24L, 
28L, 20L, 8L, 5L, 12L, 7L, 1L, 8L, 12L, 25L, 21L, 17L, 1L, 10L, 
2L, 25L, 3L, 11L, 11L, 25L, 14L, 1L, 15L, 3L, 2L, 18L, 10L, 11L, 
17L, 11L, 4L, 1L, 13L, 18L, 24L, 9L, 29L, 13L, 18L, 11L, 15L, 
12L, 23L, 15L, 21L, 29L, 5L, 7L, 21L, 4L, 7L, 12L, 2L, 12L, 14L, 
5L, 8L, 10L, 13L, 13L, 7L, 12L, 21L, 11L, 4L, 1L, 3L, 6L, 17L, 
8L, 16L, 4L, 19L, 28L, 19L, 2L, 1L, 28L, 18L, 23L, 10L, 28L, 
22L, 25L, 21L, 29L, 4L, 9L, 13L, 28L, 21L, 23L, 5L, 30L, 22L, 
24L, 3L, 5L, 18L, 9L, 18L, 21L, 15L, 17L, 21L, 8L, 13L, 26L, 
8L, 5L, 12L, 5L, 8L, 14L, 28L, 27L, 17L, 27L, 4L, 24L, 10L, 10L, 
30L, 18L, 14L, 13L, 13L, 22L, 26L, 28L, 14L, 25L, 4L, 4L, 31L, 
28L, 28L, 17L, 18L, 20L, 14L, 13L, 21L, 27L, 30L, 22L, 2L, 7L, 
2L, 12L, 21L, 21L, 26L, 8L, 13L, 29L, 7L, 6L, 22L, 3L, 4L, 29L, 
16L, 30L, 29L, 13L, 17L, 15L, 28L, 24L, 18L, 24L, 15L, 15L, 18L, 
22L, 1L, 15L, 15L, 9L, 17L, 25L, 6L, 28L, 15L, 26L, 12L, 22L, 
29L, 1L, 6L, 14L, 14L, 17L, 28L, 1L, 18L, 12L, 29L, 11L, 22L, 
22L, 3L, 2L, 20L, 27L, 5L, 23L, 3L, 5L, 21L, 23L, 7L, 19L, 24L, 
11L, 21L, 2L, 11L, 13L, 9L, 1L, 9L, 24L, 18L, 20L, 3L, 14L, 28L, 
12L, 26L, 24L, 11L, 24L, 30L, 6L, 30L, 21L, 6L, 3L, 6L, 23L, 
17L, 3L, 25L, 28L, 10L, 26L, 12L, 22L, 20L, 24L, 22L, 2L, 15L, 
4L, 10L, 21L, 26L, 28L, 8L, 13L, 2L, 6L, 14L, 17L, 14L, 26L, 
11L, 18L, 6L, 1L, 13L, 28L, 8L, 23L, 31L, 7L, 19L, 12L, 22L, 
15L, 14L, 18L, 24L, 28L, 14L, 25L, 4L, 9L, 6L, 19L, 14L, 7L, 
12L, 13L, 3L, 20L, 10L, 27L, 8L, 7L, 9L, 3L, 4L, 16L, 17L, 20L, 
25L, 26L, 7L, 21L, 20L, 28L, 5L, 15L, 20L, 30L, 3L, 13L, 6L, 
21L, 26L, 9L, 25L, 29L, 3L, 8L, 10L, 26L, 3L, 8L, 25L, 7L, 19L, 
14L, 19L, 14L, 30L, 12L, 13L, 7L, 10L, 24L, 22L, 4L, 15L, 16L, 
22L, 25L, 4L, 7L, 18L, 31L, 8L, 22L, 4L, 5L, 27L, 1L, 26L, 16L, 
6L, 4L, 7L, 27L, 16L, 27L, 31L, 10L, 14L, 27L, 26L, 25L, 25L, 
22L, 20L, 8L, 27L, 3L, 7L, 28L, 28L, 10L, 26L, 4L, 20L, 24L, 
22L, 9L, 14L, 20L, 14L, 27L, 1L, 28L, 26L, 23L, 13L, 10L, 23L, 
7L, 21L, 20L, 28L, 1L, 13L, 26L, 1L, 5L, 11L, 15L, 26L, 3L, 8L, 
11L, 29L, 6L, 20L, 22L, 2L, 4L, 11L, 30L, 4L, 15L, 19L, 23L, 
25L, 31L),