"wffc.teams" <-
structure(list(country = c("CZE", "NZL", "FRA", "POL", "ITA", 
"ENG", "SVK", "USA", "CAN", "FIN", "IRE", "AUS", "POR", "JPN", 
"RSA", "NED", "WAL", "CRO"), totalPlacings = c(125, 148, 164, 
186, 196, 197, 202, 203, 227, 229, 249, 269, 293, 307, 315, 321, 
328, 333), points = c(241300, 205540, 208040, 170000, 162320, 
167480, 169800, 165960, 147940, 145100, 138160, 119920, 115380, 
90520, 76200, 93080, 58560, 97740), noofcaptures = c(383, 325, 316, 
284, 263, 272, 267, 282, 247, 230, 240, 185, 189, 142, 121, 164, 
86, 166), longestfish = c(540, 627, 585, 580, 580, 689, 615, 
615, 624, 688, 535, 580, 590, 532, 604, 505, 590, 568)), .Names = c("country", 
"totalPlacings", "points", "noofcaptures", "longestfish"), row.names = c("1", 
"2", "3", "4", "5", "6", "7", "8", "9", "10", "11", "12", "13", 
"14", "15", "16", "17", "18"), class = "data.frame")
