"wffc.indiv" <-
structure(list(totalPlacings = c(20, 20, 22, 22, 22, 24, 24, 
24, 25, 27, 27, 27, 30, 30, 30, 30, 30, 31, 32, 32, 34, 34, 35, 
35, 36, 38, 38, 38, 39, 41, 42, 42, 42, 42, 43, 43, 43, 44, 44, 
45, 47, 49, 49, 50, 53, 53, 53, 53, 53, 54, 54, 54, 55, 55, 56, 
56, 57, 58, 58, 59, 59, 59, 60, 60, 60, 60, 61, 62, 63, 65, 65, 
65, 66, 66, 66, 66, 66, 67, 68, 68, 69, 69, 69, 70, 70, 72, 73, 
74, 74, 75, 76, 79, 79, 83, 88, 88, 88, 93, 94), points = c(51360, 
48540, 58980, 39480, 35240, 52800, 52140, 28540, 53180, 47180, 
47060, 35500, 40460, 36380, 34400, 32460, 29660, 41000, 40660, 
29440, 48020, 30720, 45020, 39840, 44680, 38680, 37900, 28560, 
39040, 29040, 43840, 38260, 28500, 19200, 36320, 35720, 22260, 
43040, 24900, 33520, 29800, 34020, 20220, 33200, 46480, 28300, 
27340, 21140, 15800, 36240, 34440, 24140, 33460, 29620, 36200, 
27700, 24180, 26580, 23880, 26880, 24780, 11660, 29240, 21160, 
17680, 10920, 22640, 21280, 18340, 25680, 16320, 6240, 16080, 
11980, 9980, 9660, 8920, 6340, 16440, 6900, 18340, 17080, 11880, 
23440, 9080, 13880, 6600, 20420, 13640, 14800, 6600, 16620, 2880, 
9740, 7080, 6540, 3420, 5120, 540), noofcaptures = c(78, 73, 98, 
59, 56, 87, 90, 40, 87, 80, 71, 56, 65, 59, 55, 54, 41, 66, 64, 
44, 78, 49, 60, 69, 73, 61, 66, 44, 65, 43, 78, 64, 40, 32, 65, 
58, 36, 78, 40, 52, 47, 55, 32, 53, 80, 48, 43, 33, 23, 64, 59, 
39, 60, 47, 57, 53, 38, 45, 38, 39, 42, 17, 53, 33, 30, 17, 40, 
35, 30, 38, 31, 6, 26, 18, 12, 14, 14, 8, 28, 8, 26, 31, 21, 
37, 14, 22, 10, 35, 21, 28, 11, 27, 3, 16, 12, 11, 6, 9, 1), 
    longest = c(540, 585, 515, 689, 580, 535, 552, 610, 475, 
    533, 518, 560, 535, 580, 498, 624, 627, 525, 585, 560, 550, 
    515, 568, 615, 652, 520, 563, 510, 580, 572, 474, 500, 615, 
    484, 503, 535, 498, 592, 541, 512, 590, 510, 530, 499, 501, 
    495, 574, 572, 604, 466, 450, 515, 513, 480, 570, 419, 530, 
    688, 580, 492, 514, 508, 522, 594, 477, 532, 528, 505, 493, 
    620, 340, 560, 571, 475, 572, 470, 486, 574, 568, 610, 548, 
    432, 342, 486, 480, 560, 432, 501, 590, 362, 511, 455, 450, 
    490, 380, 395, 332, 293, 218), individual = c(0, 0, 0, 0, 
    0, 0, 0, 0, 0, 0, 0, 0, 0, 0, 0, 0, 0, 0, 0, 0, 0, 0, 0, 
    0, 0, 0, 0, 0, 0, 0, 0, 0, 0, 0, 0, 0, 0, 0, 0, 0, 0, 0, 
    0, 0, 0, 0, 0, 0, 0, 0, 0, 0, 0, 0, 0, 0, 0, 0, 0, 0, 0, 
    1, 0, 0, 0, 0, 0, 0, 0, 1, 0, 0, 0, 0, 0, 0, 0, 0, 0, 0, 
    0, 0, 0, 0, 0, 0, 0, 0, 0, 0, 0, 1, 0, 0, 0, 1, 0, 0, 0), 
    country = c("CZE", "FRA", "CZE", "ENG", "POL", "NZL", "ENG", 
    "FIN", "CZE", "POL", "CZE", "SVK", "ITA", "ITA", "NZL", "CAN", 
    "NZL", "JPN", "NZL", "USA", "NZL", "CZE", "FRA", "USA", "FIN", 
    "CAN", "POL", "FRA", "ITA", "AUS", "CAN", "SVK", "SVK", "USA", 
    "IRE", "IRE", "ITA", "USA", "POL", "SVK", "POR", "SVK", "ENG", 
    "FRA", "FRA", "ENG", "ENG", "AUS", "RSA", "CRO", "USA", "FIN", 
    "POR", "POR", "AUS", "NED", "ITA", "FIN", "AUS", "JPN", "POL", 
    "SWE", "IRE", "FIN", "IRE", "JPN", "CAN", "NED", "RSA", "BUL", 
    "IRE", "FRA", "WAL", "WAL", "WAL", "AUS", "RSA", "WAL", "CRO", 
    "CAN", "RSA", "NED", "CRO", "CRO", "POR", "POR", "NED", "NED", 
    "WAL", "RSA", "JPN", "ROM", "IRE", "CRO", "NDI", "MAL", "CAN", 
    "JPN", "WAL"), iname = c("MartinDroz", "JulienDaguillanes", 
    "TomasStarychfojtu", "JohnHorsey", "LucjanBurda", "DesArmstrong", 
    "SimonRobinson", "JannePirkkalainen", "TomasAdam", "PiotrKonieczny", 
    "AntoninPesek", "JanBartko", "SandroSoldarini", "LucaPapandrea", 
    "AaronWest", "DonaldThom", "JohnBell", "KiyoshiNakagawa", 
    "LloydStruther", "JoshStephens", "CraigFarrar", "PavelMachan", 
    "ChristopheIdre", "LanceEgan", "OlliToivonen", "JohnNishi", 
    "MarekWalczyk", "BertrandJacquemin", "GianlucaMazzocco", 
    "VernBarby", "TerenceCourtoreille", "MiroslavAntal", "MichalBenatinsky", 
    "AnthonyNaranja", "WilliamKavenagh", "DamienWalsh", "ValerioSantiAmantini", 
    "GeorgeDaniel", "StanislawGuzdek", "PeterBienek", "JoseDias", 
    "BorisDzurek", "HowardCroston", "EricLelouvrier", "YannCaleri", 
    "AndrewDixon", "MikeTinnion", "JoeRiley", "GaryGlenYoung", 
    "IvicaMagdic", "BretBishop", "JarkkoSuominen", "PauloMorais", 
    "NunoDuarte", "CraigColtman", "PeterElberse", "AlessandroSgrani", 
    "VilleAnttiJaakkola", "ScottTucker", "SeiichiKomatsuzawa", 
    "ArturTrzaskos", "TorbjornEriksson", "JohnBuckley", "JouniNeste", 
    "JohnTrench", "TakashiKawahara", "ToddOishi", "ReneKoops", 
    "TimRolston", "StanislawMankou", "JohnFoxton", "ThibaultGuilpain", 
    "JamieHarries", "MichaelHeckler", "BrianJeremiah", "RickyLehman", 
    "RobertVanRensburg", "DavidEricDavies", "BoskoBarisic", "RandyTaylor", 
    "MarkYelland", "SimonGrootemaat", "PeterDindic", "MiroslavKaticic", 
    "AntonioRodrigues", "HelderRodrigues", "JanKwisthout", "HansBock", 
    "KimTribe", "AndreSteenkamp", "MisakoIshimura", "StefanFlorea", 
    "AidenHodgins", "MarinkoPuskaric", "SabahudinPehadzicBIHI", 
    "StephenVarga", "JohnBeaven", "YoshikoIzumiya", "DionDavies"
    ), comid = c(1, 2, 3, 4, 5, 6, 7, 8, 9, 10, 11, 12, 13, 14, 
    15, 16, 17, 18, 19, 20, 21, 22, 23, 24, 25, 26, 27, 28, 29, 
    30, 31, 32, 33, 34, 35, 36, 37, 38, 39, 40, 41, 42, 43, 44, 
    45, 46, 47, 48, 49, 50, 51, 52, 53, 54, 55, 56, 57, 58, 59, 
    60, 61, 62, 63, 64, 65, 66, 67, 68, 69, 70, 71, 72, 73, 74, 
    75, 76, 77, 78, 79, 80, 81, 82, 83, 84, 85, 86, 87, 88, 89, 
    90, 91, 92, 93, 94, 95, 96, 97, 98, 99)), .Names = c("totalPlacings", 
"points", "noofcaptures", "longest", "individual", "country", "iname", 
"comid"), row.names = c("1", "2", "3", "4", "5", "6", "7", "8", 
"9", "10", "11", "12", "13", "14", "15", "16", "17", "18", "19", 
"20", "21", "22", "23", "24", "25", "26", "27", "28", "29", "30", 
"31", "32", "33", "34", "35", "36", "37", "38", "39", "40", "41", 
"42", "43", "44", "45", "46", "47", "48", "49", "50", "51", "52", 
"53", "54", "55", "56", "57", "58", "59", "60", "61", "62", "63", 
"64", "65", "66", "67", "68", "69", "70", "71", "72", "73", "74", 
"75", "76", "77", "78", "79", "80", "81", "82", "83", "84", "85", 
"86", "87", "88", "89", "90", "91", "92", "93", "94", "95", "96", 
"97", "98", "99"), class = "data.frame")
